version: 1
creator: callgrind-3.11.0
pid: 15281
cmd:  ./apt4ssv3
part: 1


desc: I1 cache: 
desc: D1 cache: 
desc: LL cache: 

desc: Timerange: Basic block 0 - 130984
desc: Trigger: Program termination

positions: line
events: Ir
summary: 593377


ob=(1) /lib/x86_64-linux-gnu/ld-2.23.so
fl=(2) /build/glibc-S7Ft5T/glibc-2.23/elf/rtld.c
fn=(102) map_doit
496 1
+2 1
-2 1
+3 8
cfi=(22) /build/glibc-S7Ft5T/glibc-2.23/elf/dl-load.c
cfn=(104) _dl_map_object
calls=1 2189 
* 2358
* 1
+2 2

fn=(92) handle_ld_preload
757 7
+1 1
-1 1
-75 1
+86 1
-11 1
-75 6
+80 3
fi=(31) /build/glibc-S7Ft5T/glibc-2.23/elf/../string/bits/string2.h
961 1
+1 145
+1 46
-2 46
+2 46
-2 139
+2 1
-2 3
fe=(2)
766 2
+10 4
108 3
779 2
677 1
+5 5
-10 1
+4 1
+1 1
+1 1
+2 1
+2 1
cfi=(32) /build/glibc-S7Ft5T/glibc-2.23/elf/dl-error.c
cfn=(96) _dl_catch_error
calls=1 163 
* 2434
+1 3
+13 3
+84 1
-18 3
+21 9
-15 4
cfi=(18) /build/glibc-S7Ft5T/glibc-2.23/string/../sysdeps/x86_64/multiarch/../memcpy.S
cfn=(46) memcpy
calls=1 61 
* 88
* 1
+1 2

fn=(52) rtld_lock_default_unlock_recursive
710 14

fn=(26) dl_main
790 1
+19 1
-19 7
2390 1
790 3
+19 1
+3 1
-22 1
2385 1
812 1
+4 2
+1 2
+5 2
2383 2
+7 4
-4 1
+4 8
+2 2
cfi=(13) /build/glibc-S7Ft5T/glibc-2.23/elf/dl-environ.c
cfn=(28) _dl_next_ld_env_entry
calls=1 30 
* 60
* 4
cfi=(13)
cfn=(28)
calls=2 30 
* 329
* 9
+4 50
+1 19
-1 57
+3 4
+6 14
2553 3
+30 3
832 3
1033 7
cfi=(15) /build/glibc-S7Ft5T/glibc-2.23/elf/dl-object.c
cfn=(32) _dl_new_object
calls=1 61 
* 250
+2 1
-2 1
+2 1
+1 1
+1 1
+5 2
-5 1
+1 2
+4 1
cfi=(15)
cfn=(48) _dl_add_to_namespace_list
calls=1 32 
* 33
+1 3
799 1
1072 1
-3 1
-5 1
+1 1
+2 1
+5 7
+56 5
-55 24
-1 27
+1 47
1175 5
+3 2
+2 2
+2 3
+13 3
+1 6
cfi=(19) /build/glibc-S7Ft5T/glibc-2.23/string/../sysdeps/x86_64/multiarch/../strcmp.S
cfn=(54) strcmp
calls=1 144 
* 44
* 2
+7 1
+3 1
-5 1
+3 1
+2 1
+1 2
+4 2
+2 2
fi=(3) /build/glibc-S7Ft5T/glibc-2.23/elf/get-dynamic-info.h
30 1
+9 2
+6 1
-2 1
+2 2
+15 1
+5 1
+3 1
+2 1
-3 1
-3 1
-3 14
+10 3
-26 9
+16 21
+10 21
-26 63
+26 1
-26 3
+2 50
+13 16
+2 4
+16 3
+38 3
+5 2
+7 2
+1 3
+16 3
+14 3
+18 2
fe=(2)
1218 2
cfi=(6) /build/glibc-S7Ft5T/glibc-2.23/elf/dl-lookup.c
cfn=(10) _dl_setup_hash
calls=1 956 
* 23
+3 2
fi=(20) /build/glibc-S7Ft5T/glibc-2.23/elf/setup-vdso.h
24 2
fe=(2)
1243 1
cfi=(8) /build/glibc-S7Ft5T/glibc-2.23/elf/../sysdeps/unix/sysv/linux/dl-sysdep.c
cfn=(60) _dl_discover_osversion
calls=1 45 
* 93
* 8
-75 2
+1 2
+1 1
-6 2
+1 1
-88 3
+1 1
+50 2
-1 8
+2 4
+1 1
+3 2
+1 2
-1 2
+1 2
+1 2
+1 6
+1 2
-43 1
-2 2
+27 1
-25 2
+7 1
-10 1
+10 1
-19 3
+1 1
fi=(3)
65 4
+3 4
+2 4
fe=(2)
2480 1
+1 1
-1 2
+1 3
cfi=(14) /build/glibc-S7Ft5T/glibc-2.23/string/../sysdeps/x86_64/multiarch/../memcmp.S
cfn=(30) bcmp
calls=1 24 
* 31
* 2
-55 4
cfi=(14)
cfn=(30)
calls=1 24 
* 18
* 2
+7 4
cfi=(14)
cfn=(30)
calls=1 24 
* 36
* 2
+2 3
+48 3
1248 2
cfi=(22)
cfn=(64) _dl_init_paths
calls=1 689 
* 1578
+3 3
cfi=(29) /build/glibc-S7Ft5T/glibc-2.23/elf/dl-debug.c
cfn=(86) _dl_debug_initialize
calls=1 50 
* 17
+7 1
-7 1
+2 1
+5 1
+3 3
+1 1
+3 1
-3 3
+1 2
+3 1
+5 1
-7 1
+7 1
+1 5
+17 2
+1 2
+5 1
-3 4
+2 2
+1 3
+5 3
+1 5
+2 2
+1 2
+5 2
+5 1
805 1
1314 2
1491 1
cfi=(30) /build/glibc-S7Ft5T/glibc-2.23/elf/dl-tls.c
cfn=(88) _dl_count_modids
calls=1 115 
* 4
* 1
+8 3
+3 1
+4 3
+5 1
+1 1
cfi=(29)
cfn=(90) _dl_debug_state
calls=1 74 
* 1
+1 1
+4 3
+15 3
+4 1
-2 1
+2 2
+2 3
+1 1
-1 2
+1 1
cfn=(92)
calls=1 757 
* 3019
* 1
+1 1
+2 6
+10 3
cfi=(24) /build/glibc-S7Ft5T/glibc-2.23/io/../sysdeps/unix/syscall-template.S
cfn=(68) access
calls=1 84 
* 9
* 2
+77 1
-96 1
+96 3
+17 3
+1 1
-1 1
+1 2
-1 1
+1 5
cfi=(41) /build/glibc-S7Ft5T/glibc-2.23/elf/dl-deps.c
cfn=(134) _dl_map_object_deps
calls=1 161 
* 20391
+1 1
+2 2
+3 1
-3 3
+3 1
-3 1
+3 3
+1 4
-1 2
+1 20
-1 10
+4 3
+1 3
+1 1
+2 2
+1 6
-1 7
+1 11
-1 9
-3 1
+16 1
+1 2
-1 1
+1 1
+2 1
+2 3
+2 1
-4 1
+5 1
-1 2
+14 2
+1 2
+1 3
+11 1
+2 1
-2 1
+2 2
-1 1
+1 1
-2 3
+2 1
cfi=(32)
cfn=(150) _dl_receive_error
calls=1 205 
* 8051
+10 1
+1 1
-1 1
+1 1
+1 1
cfn=(160) init_tls
calls=1 589 
* 631
* 1
+2 2
719 1
+2 3
fi=(167) /build/glibc-S7Ft5T/glibc-2.23/elf/../sysdeps/unix/sysv/linux/dl-osinfo.h
77 1
fe=(2)
730 1
+7 1
-5 1
1729 3
1959 3
2080 3
+7 1
+2 3
+19 1
-19 4
+2 1
+2 18
+5 12
+2 12
+6 6
+2 12
+1 40
cfi=(45) /build/glibc-S7Ft5T/glibc-2.23/elf/dl-reloc.c
cfn=(166) _dl_relocate_object
calls=5 149 
* 140666
+4 20
-22 14
+25 1
+2 5
+6 1
-6 1
+6 1
+5 4
+2 1
+5 3
cfi=(30)
cfn=(230) _dl_allocate_tls_init
calls=1 450 
* 147
+3 2
+9 3
+2 2
+15 1
+2 1
-2 2
+3 1
-3 1
+3 1
-3 1
+3 3
cfi=(45)
cfn=(166)
calls=1 149 
* 4630
+1 1
+2 6
+8 1
cfi=(7) /build/glibc-S7Ft5T/glibc-2.23/elf/../elf/dl-sysdep.c
cfn=(232) _dl_sysdep_start_cleanup
calls=1 256 
* 1
+4 3
+20 3
cfi=(29)
cfn=(86)
calls=1 50 
* 8
+1 1
-1 1
+2 1
cfi=(29)
cfn=(90)
calls=1 74 
* 1
+1 1
+4 1
cfi=(43) /build/glibc-S7Ft5T/glibc-2.23/elf/dl-cache.c
cfn=(234) _dl_unload_cache
calls=1 322 
* 15
+5 8
2114 2
cfi=(30)
cfn=(200) _dl_add_to_slotinfo
calls=1 890 
* 20
* 1
-12 1
+1 1
-3 2
-85 1
+11 1
-7 1
-4 1
+4 3
+4 2
+3 1
1633 5
+1 1
-1 3
+4 3
+1 1
+1 2
+1 2
+32 2
1237 3

fn=(50) rtld_lock_default_lock_recursive
704 14

fn=(98) _dl_initial_error_catch_tsd
664 20

fn=(160)
589 1
+6 1
-6 1
+2 2
+4 1
+10 4
cfi=(17) /build/glibc-S7Ft5T/glibc-2.23/elf/dl-minimal.c
cfn=(36) calloc
calls=1 103 
* 38
* 1
+11 1
-5 1
-7 1
+6 1
+2 1
-1 1
+5 1
+2 1
-1 1
+1 14
+2 12
+4 1
+2 1
-2 2
-5 12
+9 3
+3 1
cfi=(30)
cfn=(162) _dl_determine_tlsoffset
calls=1 138 
* 71
+7 1
cfi=(30)
cfn=(164) _dl_allocate_tls_storage
calls=1 354 
* 439
+1 1
-1 1
+1 1
+6 1
+3 1
-3 1
+3 6
+3 1
+2 1
+1 2

fn=(2) _dl_start
353 9
+18 4
fi=(5) /build/glibc-S7Ft5T/glibc-2.23/elf/../sysdeps/x86_64/dl-machine.h
59 1
fe=(2)
371 1
fi=(3)
45 1
fi=(5)
+14 2
fe=(2)
397 1
fi=(3)
45 1
fe=(2)
394 1
fi=(3)
45 1
+25 2
-3 1
-7 1
+5 1
+3 1
+2 1
-3 1
-3 1
-3 2
-13 26
+23 13
-26 39
+26 1
-26 3
+2 36
+13 20
+1 16
+10 4
-26 12
+33 2
+20 4
+1 4
+1 4
+1 4
+2 4
+5 4
+1 4
+1 4
+6 3
+5 2
+7 3
+1 3
+8 3
+2 3
+3 2
+1 2
fe=(2)
408 2
302 1
415 1
302 1
cfi=(6)
cfn=(10)
calls=1 956 
* 23
+1 2
+1 2
+1 2
+1 2
+8 1
+9 1
-9 3
+9 1
-6 1
-3 1
+9 1
cfi=(7)
cfn=(12) _dl_sysdep_start
calls=1 86 
* 182053
* 1
+9 1
+3 4
+4 1
-4 1
+4 1
440 9
fi=(3)
62 4
+3 4
fe=(2)
413 26
fi=(4) /build/glibc-S7Ft5T/glibc-2.23/elf/do-rel.h
84 1
+27 1
-28 1
+28 2
+1 2
fi=(5)
519 2
fi=(4)
112 18
fi=(5)
519 18
+1 20
fi=(4)
111 20
fi=(5)
520 10
fi=(4)
111 10
+5 2
+8 1
fi=(5)
314 1
fi=(4)
124 2
+12 1
+1 3
fi=(5)
268 1
fi=(4)
137 1
fi=(5)
296 1
fi=(4)
137 2
fi=(5)
296 1
fi=(4)
136 5
+1 15
fi=(5)
268 5
fi=(4)
137 5
fi=(5)
296 5
fi=(4)
137 10
fi=(5)
296 5
+9 12
+3 6
-3 12
+3 18
+6 36
fi=(3)
68 4
+2 3
fi=(5)
427 12
fi=(4)
124 19
fe=(2)

fn=(152) version_check_doit
529 2
+2 4
cfi=(44) /build/glibc-S7Ft5T/glibc-2.23/elf/dl-version.c
cfn=(154) _dl_check_all_versions
calls=1 380 
* 8011
* 2
+4 2

fl=(37) /build/glibc-S7Ft5T/glibc-2.23/misc/../sysdeps/unix/sysv/linux/wordsize-64/mmap.c
fn=(122) mmap
33 14
-1 140
+1 34
+1 140
+2 98
-3 32

fl=(33) /build/glibc-S7Ft5T/glibc-2.23/setjmp/../sysdeps/x86_64/setjmp.S
fn=(100) __sigsetjmp
26 9
+9 9
+1 18
+1 9
+4 9
+1 9
+1 9
+1 9
+1 9
+2 18
+2 9
+1 9
+1 9
+2 18
+2 9
+4 9
+1 9

fl=(30)
fn=(88)
115 2
+1 2

fn=(230)
450 2
-1 7
+5 1
+6 3
-6 1
+6 1
-4 1
+16 1
-15 3
+20 6
+6 16
+3 1
+1 2
+6 3
+3 1
-2 2
+2 4
+1 1
+3 1
-1 3
+4 2
+1 4
+2 2
+9 6
cfi=(25) /build/glibc-S7Ft5T/glibc-2.23/string/../sysdeps/x86_64/memcpy.S
cfn=(70) mempcpy
calls=1 61 
* 23
* 4
cfi=(26) /build/glibc-S7Ft5T/glibc-2.23/string/../sysdeps/x86_64/multiarch/../memset.S
cfn=(72) memset
calls=1 53 
* 30
* 2
-38 3
+52 2
+2 1
+1 8

fn=(164)
354 3
+2 1
+11 3
cfi=(17)
cfn=(44) __libc_memalign
calls=1 52 
* 76
* 1
+1 2
+7 2
+4 1
-57 1
+57 296
-58 2
+1 2
cfi=(17)
cfn=(36)
calls=1 103 
* 38
* 1
+1 2
+3 1
+6 2
+64 5

fn=(162)
138 7
+6 3
+3 2
+36 3
+2 10
+3 1
-1 1
+5 2
-5 3
+3 3
+2 5
+16 3
+2 2
-2 2
+2 2
+10 1
-37 2
+25 1
-25 4
+40 4
+1 1
+51 1
+1 8

fn=(148) _dl_next_tls_modid
49 1
+3 4
+48 1
+4 2

fn=(200)
890 3
+9 1
-9 1
+6 2
+8 5
+41 1
+1 3
+1 4

fl=(65) /build/glibc-S7Ft5T/glibc-2.23/elf/dl-init.c
fn=(242) call_init.part.0
28 30
+8 6
+3 6
-3 12
+3 18
+5 35
+5 8
+9 24
cob=(2) ???
cfi=(16) ???
cfn=(290) 0x0000000004c2f350
calls=1 -58 
* 6
cob=(2)
cfi=(16)
cfn=(278) 0x0000000004e4c428
calls=1 -58 
* 6
cob=(3) /lib/x86_64-linux-gnu/libc-2.23.so
cfi=(67) /build/glibc-S7Ft5T/glibc-2.23/csu/../csu/init-first.c
cfn=(256) _init
calls=1 -6 
* 176
cob=(2)
cfi=(16)
cfn=(244) 0x0000000004a28530
calls=1 -58 
* 6
* 4
+4 8
+6 4
+2 8
-2 8
+3 20
+1 16
cob=(6) /usr/lib/x86_64-linux-gnu/libf2c.so.2.1
cfi=(76) ???
cfn=(294) 0x0000000000005cb0
calls=1 -72 
* 17
cob=(4) /lib/x86_64-linux-gnu/libm-2.23.so
cfi=(60) ???
cfn=(282) 0x00000000000056d0
calls=1 -72 
* 17
cob=(3)
cfi=(73) /build/glibc-S7Ft5T/glibc-2.23/string/../sysdeps/x86_64/cacheinfo.c
cfn=(268) init_cacheinfo
calls=1 482 
* 1161
cob=(5) /usr/lib/valgrind/vgpreload_core-amd64-linux.so
cfi=(66) ???
cfn=(248) 0x0000000000000650
calls=1 -72 
* 17
* 4
cob=(3)
cfi=(75) /build/glibc-S7Ft5T/glibc-2.23/elf/dl-altinit.c
cfn=(276) dlinit_alt
calls=1 -39 
* 4
* 5
-1 10
+3 36
-29 3
-5 3

fn=(240) _dl_init
80 11
+1 1
+1 1
+3 3
+8 2
+1 2
+25 21
+1 18
-90 32
cfn=(242)
calls=5 -2 
* 1602
* 5
+96 8
-96 2
+58 2
+16 1
cfn=(242)
calls=1 -76 
* 76
* 1

fl=(163) /build/glibc-S7Ft5T/glibc-2.23/elf/dl-fini.c
fn=(1118) _dl_fini
130 8
+17 1
+3 15
+3 2
cfi=(2)
cfn=(50)
calls=1 704 
* 2
+2 1
+3 2
+2 6
+8 1
-3 1
+3 8
+7 12
+2 12
+2 6
+1 6
+5 6
-6 6
-6 6
+8 6
-8 13
+14 9
+1 2
+4 1
31 1
+2 1
192 1
33 1
+6 1
-1 1
+2 1
-2 2
+1 8
+1 1
cfi=(26)
cfn=(72)
calls=1 +13 
* 15
* 1
+77 25
+3 32
cfi=(26)
cfn=(72)
calls=4 -67 
* 69
* 10
-76 15
+1 15
+4 20
+6 10
+1 10
+2 50
+1 26
+2 63
+1 45
201 3
cfi=(2)
cfn=(52)
calls=1 710 
* 2
+5 3
81 4
208 1
+2 3
-2 5
+2 15
+3 12
+3 18
+4 8
+9 4
+3 4
-3 4
+3 8
+2 16
+1 8
cob=(4)
cfi=(60)
cfn=(1172) 0x0000000000005690
calls=1 0 
* 78
cob=(6)
cfi=(76)
cfn=(1154) 0x0000000000005c70
calls=1 0 
* 78
cob=(5)
cfi=(66)
cfn=(1132) 0x0000000000000610
calls=1 0 
* 78
cob=(7) /home/brent/ssv3_port/src/f2cExperiment/apt4ssv3
cfi=(77) ???
cfn=(1120) 0x0000000000401710
calls=1 0 
* 16
-1 16
+5 8
+1 12
cob=(2)
cfi=(16)
cfn=(1188) 0x0000000004ebdd2c
calls=1 0 
* 3
cob=(2)
cfi=(16)
cfn=(1170) 0x0000000004c3d8cc
calls=1 0 
* 3
cob=(2)
cfi=(16)
cfn=(1152) 0x0000000004a287b8
calls=1 0 
* 3
cob=(2)
cfi=(16)
cfn=(1130) 0x000000000053e5d4
calls=1 0 
* 3
+6 36
+16 12
-56 15
+11 6
92 30
+21 10
-57 24
268 4
+2 1
-2 2
+6 2
+7 8

fl=(11) /build/glibc-S7Ft5T/glibc-2.23/string/../sysdeps/x86_64/strlen.S
fn=(22) strlen
66 23
+1 23
+1 23
+1 23
+1 23
+1 23
+1 23
+2 23
+2 23
+30 22
+1 22
+1 22
+1 22
+1 22
+1 10
+1 10
+4 12
+1 12
+1 12
+1 12
+1 12
+1 12
+1 12
+1 12
+1 12
+1 12
+1 12
+1 12
+5 96
+4 1
+1 14
+1 8

fl=(22)
fn=(76) fillin_rpath
444 7
+2 1
-2 9
+4 3
cfi=(17)
cfn=(78) strsep
calls=1 -94 
* 238
* 3
cfi=(17)
cfn=(78)
calls=1 -94 
* 6
* 6
+7 2
+35 15
+1 8
+55 2
+2 2
cob=(2)
cfi=(16)
cfn=(82) 0x0000000004000ab0
calls=1 0 
* 7
* 1
-39 2
+4 2
-1 4
cfi=(17)
cfn=(40) malloc
calls=1 94 
* 29
* 1
+3 1
-3 1
+3 2
+5 1
+1 2
-2 1
+2 1
cfi=(25)
cfn=(70)
calls=1 61 
* 31
+3 1
-3 1
+1 1
+2 1
+6 2
+1 1
-1 2
+1 13
+1 11
-1 2
+3 2
+1 3
+7 1
+1 1
-1 2
383 3
cfi=(27) /build/glibc-S7Ft5T/glibc-2.23/string/../sysdeps/x86_64/multiarch/../strchr.S
cfn=(74) index
calls=1 24 
* 23
* 2
+4 2
cfi=(28) /build/glibc-S7Ft5T/glibc-2.23/string/strdup.c
cfn=(80) strdup
calls=1 40 
* 94
* 1
+74 2
+5 2
cfi=(11)
cfn=(22)
calls=1 66 
* 16
+1 2
+7 6
+9 1
-4 3
+4 2
+26 2
+43 1
+3 9
-15 2
-9 2
-57 2

fn=(138) open_path
2040 24
+1 3
+6 3
-6 3
+6 3
+5 27
+52 3
-59 3
-1 3
+60 3
-52 24
+74 12
-62 3
-9 3
+9 3
+7 12
cfi=(25)
cfn=(70)
calls=3 61 
* 93
+1 3
-1 3
+1 15
+20 8
-20 47
+3 24
+5 12
-1 6
+1 12
-1 18
cfi=(25)
cfn=(70)
calls=6 61 
* 113
* 24
cfi=(25)
cfn=(70)
calls=6 61 
* 138
-1 6
+7 6
-7 6
+7 6
+3 54
cfn=(108) open_verify.constprop.7
calls=6 1717 
* 264
* 6
+2 30
+26 8
+2 4
+39 21
+7 3
-2 3
+2 9
+3 9
+14 3
-27 3
+27 21
-84 8
+1 36
+6 4
+2 4
-2 4
+2 8
-2 4
+2 4
cfi=(42) /build/glibc-S7Ft5T/glibc-2.23/io/../sysdeps/unix/sysv/linux/wordsize-64/xstat.c
cfn=(140) _xstat
calls=4 34 
* 49
* 8
+1 1
+2 1
-2 1
+2 7
+7 3
-7 3
+7 9
-30 3
+23 6

fn=(64)
689 1
+13 2
-13 8
+13 3
cfi=(23) /build/glibc-S7Ft5T/glibc-2.23/elf/dl-hwcaps.c
cfn=(66) _dl_important_hwcaps
calls=1 39 
* 398
+5 1
-5 1
+5 1
cfi=(17)
cfn=(40)
calls=1 94 
* 29
* 1
+1 1
-2 1
+2 2
+8 1
-1 1
+1 3
-1 3
+4 4
cfi=(17)
cfn=(40)
calls=1 94 
* 29
* 1
+2 1
-2 1
+2 1
+17 2
+9 2
-19 1
+11 1
-1 1
+3 1
+1 1
-15 2
+23 1
-9 1
+9 5
-3 17
cfi=(26)
cfn=(72)
calls=4 53 
* 60
+3 27
-14 3
+2 3
+1 3
+2 6
-3 3
+4 9
+4 3
-3 3
+3 3
+1 3
-4 9
+4 3
+14 1
-11 1
+6 1
+1 1
+5 1
-12 1
+12 1
+2 4
+2 3
+38 5
+6 3
cfi=(27)
cfn=(74)
calls=1 24 
* 23
* 2
+2 3
cfi=(11)
cfn=(22)
calls=1 66 
* 16
* 8
cfi=(18)
cfn=(46)
calls=1 61 
* 31
* 1
+17 133
+5 1
cfi=(17)
cfn=(40)
calls=1 94 
* 29
* 1
+1 1
-2 1
+2 1
+6 9
cfn=(76)
calls=1 444 
* 609
+4 5
+6 1
+4 8
-70 1
-2 1
+2 2
+14 2

fn=(114) _dl_map_object_from_fd
893 44
+10 4
-10 4
+10 4
-10 12
+10 4
cfi=(29)
cfn=(86)
calls=4 50 
* 32
fi=(35) /build/glibc-S7Ft5T/glibc-2.23/elf/../sysdeps/posix/dl-fileid.h
37 12
fe=(22)
903 4
fi=(35)
37 4
cfi=(36) /build/glibc-S7Ft5T/glibc-2.23/io/../sysdeps/unix/sysv/linux/wordsize-64/fxstat.c
cfn=(120) _fxstat
calls=4 -3 
* 40
* 8
+4 4
fe=(22)
919 4
fi=(35)
40 4
+1 4
fe=(22)
919 70
+1 28
fi=(35)
49 40
fe=(22)
1465 32
937 8
+24 8
+10 8
+22 16
+32 8
904 4
1028 28
cfi=(15)
cfn=(32)
calls=4 61 
* 1597
+1 4
-1 4
+1 4
+11 8
+1 4
-1 4
+2 4
-1 4
+4 4
-1 8
-2 4
+2 8
+1 12
+1 4
+19 4
-2 4
+10 4
-8 24
+8 4
-8 12
+8 4
+87 4
+8 4
-8 16
+8 4
-8 12
-86 58
-1 248
+1 175
+6 8
+1 12
+1 4
+9 40
+5 64
+9 24
-1 24
+1 8
+1 16
+2 8
-2 8
+1 8
-1 8
+3 8
+4 8
-7 8
+2 8
+1 8
+4 8
+1 24
+4 12
-14 4
+14 24
+11 4
-11 12
-14 4
+14 24
+11 4
-44 2
+1 1
+46 3
+4 1
+1 1
+1 1
-1 2
+1 1
+3 3
+1 1
+3 1
-3 1
+7 4
+6 1
cfi=(30)
cfn=(148)
calls=1 49 
* 8
* 2
+1 1
+59 8
+1 12
+1 4
-6 8
+1 4
+8 12
1041 4
1229 4
1041 4
1229 4
+10 12
fi=(38) /build/glibc-S7Ft5T/glibc-2.23/elf/./dl-map-segments.h
56 8
fe=(22)
1239 12
fi=(38)
56 4
fe=(22)
1239 4
fi=(38)
56 4
fe=(22)
1239 8
fi=(38)
56 24
cfi=(37)
cfn=(122)
calls=4 -23 
* 140
+4 4
-4 4
+4 8
+3 8
+1 4
+2 4
-2 4
-1 4
+3 4
+10 8
fi=(40) /build/glibc-S7Ft5T/glibc-2.23/elf/./dl-load.h
+14 16
+1 12
+2 16
fi=(38)
+7 32
+6 4
+2 4
-2 4
+1 4
+2 4
-1 4
+1 4
-1 12
+8 8
+17 8
+12 8
-59 40
+2 8
+2 4
-2 8
+2 40
cfi=(37)
cfn=(122)
calls=4 -57 
* 124
* 12
fe=(22)
1251 16
+9 8
fi=(3)
39 4
fe=(22)
1260 4
fi=(3)
39 4
+6 4
-2 4
+2 8
+15 4
+5 4
+3 4
-1 4
-3 4
-3 80
+10 18
-26 54
+16 77
+10 77
-26 231
+26 4
-26 12
+2 198
+13 88
+2 16
+3 16
+13 8
+20 14
+1 16
+1 16
+1 16
+2 16
+5 16
+1 15
+1 16
+6 12
+5 8
+7 8
+1 12
+16 12
+5 2
+2 2
-2 2
+2 2
+2 4
+2 4
+3 12
+10 1
-8 4
+8 1
+5 2
+3 8
fe=(22)
1267 8
+15 12
+19 8
+2 20
+54 12
+1 2
+3 2
cfi=(24)
cfn=(132) close
calls=1 84 
* 5
* 6
cfi=(24)
cfn=(132)
calls=3 84 
* 15
* 8
+9 8
+2 12
+2 4
-2 4
+2 4
+16 8
cfi=(6)
cfn=(10)
calls=4 956 
* 92
+4 8
+1 8
+17 8
+9 4
-5 12
+5 4
+10 8
+10 12
cfi=(15)
cfn=(48)
calls=4 32 
* 180
+4 16
fi=(3)
68 16
+2 20
fe=(22)
1413 2
fi=(38)
119 8
+8 32
cfi=(26)
cfn=(72)
calls=4 -74 
* 531
* 16
-54 16
-1 24
cfi=(39) /build/glibc-S7Ft5T/glibc-2.23/misc/../sysdeps/unix/syscall-template.S
cfn=(126) mprotect
calls=4 +12 
* 20
* 4
fi=(40)
+22 15
+1 33
+3 12
fi=(38)
+39 18
cfi=(37)
cfn=(122)
calls=2 33 
* 62
+3 6
fe=(22)
1255 6

fn=(104)
2189 63
+8 9
-8 18
+8 9
+1 36
+3 162
+5 245
+2 105
cfi=(34) /build/glibc-S7Ft5T/glibc-2.23/elf/dl-misc.c
cfn=(106) _dl_name_match_p
calls=35 288 
* 4083
* 70
+4 60
+1 90
+3 15
+2 60
cfi=(19)
cfn=(54)
calls=15 144 
* 423
* 30
2500 72
2235 20
+9 4
-53 4
+53 8
+36 8
-2 4
+2 4
cfi=(27)
cfn=(74)
calls=4 24 
* 92
* 8
2431 2
383 3
cfi=(27)
cfn=(74)
calls=1 24 
* 47
* 2
+4 2
cfi=(28)
cfn=(80)
calls=1 40 
* 128
2432 1
-3 1
+3 2
+4 9
cfn=(108)
calls=1 1717 
* 299
+3 1
-3 1
+3 3
+12 3
+46 1
+1 3
-1 1
+1 9
cfn=(114)
calls=1 893 
* 1444
-1 3
+1 9
-1 3
+1 27
cfn=(114)
calls=3 893 
* 4881
* 18
2284 6
cfi=(11)
cfn=(22)
calls=3 66 
* 48
* 3
+2 3
-2 3
+2 3
+7 12
+35 6
+1 42
cfn=(138)
calls=3 2040 
* 1273
+6 6
-6 3
+6 9
666 3
2336 3
666 6
2423 6
+28 9
+2 12
2297 3
+5 3
-5 3
+5 3
+3 6
-3 3
+3 21
-3 9
666 3
2303 3
666 6
2358 3
-14 3
+14 3
+2 9
+4 6
cfi=(43)
cfn=(142) _dl_load_cache_lookup
calls=3 185 
* 3983
+2 3
-2 3
+2 3
+4 6
+8 9
+23 30
cfn=(108)
calls=3 1717 
* 1021
+4 3
-4 3
+4 9
+1 6
-89 9
+1 24
666 3
2319 3
666 6

fn=(108)
1717 110
+39 10
-39 30
+39 38
+31 40
cfi=(24)
cfn=(110) open
calls=10 84 
* 74
+2 10
-2 10
+2 14
+10 4
+1 8
+5 32
cfi=(24)
cfn=(112) read
calls=4 84 
* 20
+2 8
+2 4
+2 4
-2 8
+2 4
+6 8
+16 16
cfi=(14)
cfn=(30)
calls=4 24 
* 114
* 36
cfi=(14)
cfn=(30)
calls=4 24 
* 144
* 8
+74 8
+5 8
+2 16
+6 8
+11 8
+6 4
+1 4
-1 16
+1 4
-1 4
+1 8
+1 12
+20 196
+2 68
+4 16
+1 12
+12 28
+4 12
+5 2
+1 2
-13 8
cfi=(14)
cfn=(30)
calls=2 24 
* 50
* 16
cfi=(14)
cfn=(30)
calls=4 24 
* 120
* 12
+16 4
+3 14
+3 6
+1 10
-39 4
+67 38
-23 6
+23 42
1826 4
+7 8
cfi=(14)
cfn=(30)
calls=2 24 
* 48
* 4

fl=(34)
fn=(144) _dl_sysdep_read_whole_file
45 2
+7 1
-7 3
+7 1
-7 3
+7 1
cfi=(24)
cfn=(110)
calls=1 +32 
* 5
+1 2
+2 5
cfi=(36)
cfn=(120)
calls=1 -21 
* 10
* 2
+2 1
+3 1
-3 1
+3 1
+13 2
cfi=(24)
cfn=(132)
calls=1 +11 
* 5
+3 7
-14 6
cfi=(37)
cfn=(122)
calls=1 -29 
* 33
* 2

fn=(106)
288 1020
+1 408
cfi=(19)
cfn=(54)
calls=204 144 
* 8134
* 204
+1 204
-1 204
+3 204
+2 408
+4 203
-4 406
+1 645
cfi=(19)
cfn=(54)
calls=215 144 
* 9258
* 430
-5 12
+11 252
-1 192
+1 768

fl=(15)
fn=(32)
61 70
+1 5
cfi=(11)
cfn=(22)
calls=5 +4 
* 98
+6 5
-6 10
+6 10
+7 20
cfi=(17)
cfn=(36)
calls=5 +28 
* 247
* 5
+3 5
-3 5
+3 5
+4 5
+5 10
-6 5
+6 5
-5 5
+3 10
+2 5
cfi=(18)
cfn=(46)
calls=5 -26 
* 133
+10 5
-10 5
+10 5
-8 5
+9 10
-1 15
+1 15
+3 5
-4 5
+1 5
+3 5
+9 5
-7 5
+4 5
+3 11
+2 2
-2 2
+2 30
-2 30
+12 5
+6 5
-5 5
-1 5
+6 25
+2 4
+3 4
-3 4
+3 4
-3 8
+7 12
+4 8
+2 5
+6 1
+6 1
-3 2
+3 6
-3 8
+3 8
+2 12
cfi=(11)
cfn=(22)
calls=4 -91 
* 136
+4 4
-4 16
+4 12
+64 8
+4 40
68 50
+34 14
+39 16
+70 12
cfi=(25)
cfn=(70)
calls=4 61 
* 141
* 66
+6 62
-1 62
+1 66
-1 4
+1 12
+5 8
-89 2
+32 8
cfi=(17)
cfn=(40)
calls=4 -71 
* 116
* 4
+1 4
-1 4
+1 12
+2 1
-35 2

fn=(48)
32 25
+2 10
cfi=(2)
cfn=(50)
calls=5 704 
* 10
+2 5
-2 5
+2 36
+3 42
+2 4
+2 4
+4 4
+4 4
-4 8
+1 4
+4 8
-4 4
+1 4
+3 4
-3 4
+2 4
cfi=(2)
cfn=(52)
calls=4 710 
* 8
-4 1
+4 1
-4 2
+1 1
+4 2
-4 1
+1 1
+3 1
-3 1
+2 1
cfi=(2)
cfn=(52)
calls=1 710 
* 2
-5 2

fl=(41)
fn=(134)
161 1
-1 1
+1 1
-1 4
+1 1
-1 2
+1 1
-1 2
+1 1
-1 2
+1 3
-15 1
+15 1
-17 1
+1 1
+1 1
+6 4
+26 1
-26 1
+26 7
-34 1
+2 1
+33 2
-33 1
-2 1
+2 2
-2 1
+1 1
+1 1
+6 3
+26 1
-26 1
+26 5
+4 1
+21 1
+1 1
-22 2
+19 1
-12 1
+15 1
-16 2
+13 1
317 9
217 1
-4 1
-4 1
+8 6
-4 5
-4 5
+8 5
+12 12
+2 4
+11 4
-5 4
-6 8
+5 4
+2 8
+1 8
+3 28
+50 24
+1 15
-51 416
+1 208
+6 40
cfi=(27)
cfn=(74)
calls=8 24 
* 232
* 16
+5 40
-3 8
+3 8
cfi=(32)
cfn=(96)
calls=8 -91 
* 17546
+2 24
+15 8
+2 16
+5 4
+6 4
+2 4
-8 8
+3 4
+1 4
+1 4
+1 4
+4 24
+7 288
459 18
+2 12
+2 12
cfi=(17)
cfn=(40)
calls=4 94 
* 116
* 4
+2 4
-2 4
+2 4
+4 16
-1 4
+1 4
cfi=(18)
cfn=(46)
calls=4 61 
* 95
+1 20
cfi=(18)
cfn=(46)
calls=4 61 
* 95
+4 4
-1 4
+5 34
+7 6
+1 1
+3 5
+10 4
cfi=(17)
cfn=(40)
calls=1 94 
* 29
* 1
+3 1
-3 1
+3 1
+5 6
+1 1
-1 3
+1 2
+8 2
+4 3
-4 1
-6 3
-2 5
+8 10
+4 15
-4 5
-6 15
+13 3
+51 3
+2 3
+42 1
-4 1
+5 2
-1 4
+1 2
cfi=(26)
cfn=(72)
calls=1 53 
* 15
* 1
-2 9
+7 1
-1 1
+1 1
-1 2
+7 1
-7 1
+7 2
-13 4
+7 4
-1 4
+1 4
-1 8
+7 4
-7 4
+7 12
+2 16
+1 8
-1 24
+1 18
+2 63
+1 45
+28 36
cfi=(26)
cfn=(72)
calls=4 53 
* 69
* 20
-6 10
-28 20
+31 18
-6 2
+16 2
+2 1
+1 1
-1 1
+2 3
+7 3
+3 3
+3 8
481 15
-1 6
+1 13
202 2
+27 8
-19 4
+8 39
+2 4
+2 16
+2 45
338 10
611 8
cfi=(18)
cfn=(46)
calls=1 61 
* 47
+2 1
-38 1
+38 1
209 2

fn=(136) openaux
60 16
+7 8
-4 88
cfi=(22)
cfn=(104)
calls=8 2189 
* 16914
* 8
+5 16

fl=(45)
fn=(166)
149 60
+15 6
-15 12
+15 6
+1 36
+6 12
+6 18
-18 12
+22 12
+7 6
-32 6
+32 6
+44 6
fi=(5)
76 18
fe=(45)
232 12
fi=(5)
76 18
+6 10
+4 15
+14 5
-8 5
+8 10
+20 10
+4 20
-2 5
+9 18
fe=(45)
258 248
-98 30
fi=(5)
303 40
fe=(45)
-45 5
fi=(4)
58 5
-10 5
-1 10
+11 5
-11 5
+11 5
fe=(45)
258 1
-98 6
fi=(5)
303 8
fe=(45)
-45 1
fi=(4)
58 1
-10 1
-1 2
+11 1
-11 1
+11 1
fe=(45)
258 6
fi=(4)
58 6
-10 6
-1 12
+11 6
-11 6
+11 6
+3 25
fi=(5)
530 386
+4 386
+2 579
+1 193
fi=(4)
61 639
+2 860
+2 70
-4 6
+13 10
+1 10
+1 44
fi=(5)
530 22
+26 22
fi=(4)
75 22
fi=(5)
556 44
cob=(4)
cfi=(60)
cfn=(228) sin
calls=1 0 
* 8
cob=(4)
cfi=(60)
cfn=(226) __atan2_finite
calls=1 0 
* 8
cob=(4)
cfi=(62) /build/glibc-S7Ft5T/glibc-2.23/math/../sysdeps/x86_64/fpu/multiarch/e_asin.c
cfn=(224) __asin_finite
calls=1 16 
* 5
cob=(4)
cfi=(64) /build/glibc-S7Ft5T/glibc-2.23/math/../sysdeps/x86_64/fpu/multiarch/s_floor.S
cfn=(222) floor
calls=1 25 
* 5
cob=(4)
cfi=(63) /build/glibc-S7Ft5T/glibc-2.23/math/../sysdeps/x86_64/fpu/multiarch/s_floorf.S
cfn=(220) floorf
calls=1 25 
* 5
cob=(4)
cfi=(62)
cfn=(218) __acos_finite
calls=1 10 
* 5
cob=(4)
cfi=(61) /build/glibc-S7Ft5T/glibc-2.23/math/../sysdeps/x86_64/fpu/multiarch/s_rintf.S
cfn=(216) rintf
calls=1 25 
* 5
cob=(4)
cfi=(60)
cfn=(214) __log_finite
calls=1 0 
* 8
cob=(4)
cfi=(59) /build/glibc-S7Ft5T/glibc-2.23/math/../sysdeps/x86_64/fpu/multiarch/e_pow.c
cfn=(212) __pow_finite
calls=1 8 
* 5
cob=(4)
cfi=(58) /build/glibc-S7Ft5T/glibc-2.23/math/../sysdeps/x86_64/fpu/multiarch/s_ceil.S
cfn=(210) ceil
calls=1 25 
* 5
cob=(4)
cfi=(57) /build/glibc-S7Ft5T/glibc-2.23/math/../sysdeps/x86_64/fpu/multiarch/s_ceilf.S
cfn=(208) ceilf
calls=1 25 
* 5
cob=(4)
cfi=(56) /build/glibc-S7Ft5T/glibc-2.23/math/../sysdeps/x86_64/fpu/multiarch/s_rint.S
cfn=(206) rint
calls=1 25 
* 5
cob=(4)
cfi=(55) /build/glibc-S7Ft5T/glibc-2.23/math/../sysdeps/x86_64/fpu/multiarch/s_sin.c
cfn=(204) cos
calls=1 12 
* 8
cob=(4)
cfi=(54) /build/glibc-S7Ft5T/glibc-2.23/math/../sysdeps/x86_64/fpu/multiarch/e_exp.c
cfn=(202) __exp_finite
calls=1 9 
* 8
cob=(3)
cfi=(53) ???
cfn=(198) memcpy@GLIBC_2.2.5
calls=1 0 
* 11
cob=(3)
cfi=(52) /build/glibc-S7Ft5T/glibc-2.23/time/../sysdeps/unix/sysv/linux/x86/gettimeofday.c
cfn=(194) gettimeofday
calls=1 37 
* 66
cob=(3)
cfi=(51) /build/glibc-S7Ft5T/glibc-2.23/string/../sysdeps/x86_64/multiarch/strspn.S
cfn=(192) strspn
calls=1 30 
* 6
cob=(3)
cfi=(50) /build/glibc-S7Ft5T/glibc-2.23/string/../sysdeps/x86_64/multiarch/strcspn.S
cfn=(190) strpbrk
calls=1 45 
* 6
cob=(3)
cfi=(46) /build/glibc-S7Ft5T/glibc-2.23/string/../sysdeps/x86_64/multiarch/strcmp.S
cfn=(188) strncasecmp
calls=1 129 
* 5
cob=(3)
cfi=(50)
cfn=(186) strcspn
calls=1 45 
* 6
cob=(3)
cfi=(47) /build/glibc-S7Ft5T/glibc-2.23/time/../sysdeps/unix/sysv/linux/x86/time.c
cfn=(180) time
calls=1 38 
* 66
cob=(3)
cfi=(46)
cfn=(178) strcasecmp
calls=1 109 
* 5
fi=(4)
75 22
fi=(5)
557 22
fi=(4)
75 28
fe=(45)
258 4
fi=(4)
75 20
fe=(45)
258 20
+3 24
+24 6
+3 12
+17 18
+2 48
fi=(4)
84 7
-1 7
+3 14
-3 7
+3 7
+12 21
+10 10
+3 14
fi=(5)
514 4
fi=(4)
112 8
fi=(5)
514 1241
fi=(4)
112 2466
fi=(5)
514 2466
+5 2474
+1 2474
fi=(4)
111 2474
fi=(5)
520 1237
fi=(4)
111 1237
+7 21
+6 6
-3 12
+3 16
fi=(5)
449 15
fi=(4)
127 776
+9 388
+3 194
-3 194
+3 194
fi=(5)
271 194
fi=(4)
138 194
-2 194
+1 776
fi=(5)
271 194
+21 388
+4 388
+7 4101
fi=(4)
137 177
fi=(5)
303 354
fi=(4)
137 177
fi=(5)
303 177
fi=(4)
137 177
fi=(5)
303 2832
cfi=(6)
cfn=(172) _dl_lookup_symbol_x
calls=177 806 
* 103299
* 1416
+2 540
+3 184
-3 368
+3 552
+6 1164
fe=(45)
178 12
fi=(5)
437 537
fi=(4)
124 592
+19 10
fi=(5)
303 54
fi=(4)
108 3
fi=(5)
409 45
+4 75
+14 75
fe=(45)
313 30
+3 6
-3 12
+3 6
+4 12
+1 24
cfi=(39)
cfn=(126)
calls=6 84 
* 30
* 18
-63 3
fi=(4)
129 12
fi=(5)
303 87
fi=(4)
160 7
+2 20
+8 10
+1 5
-1 5
+1 5
fi=(5)
271 5
fi=(4)
170 15
fi=(5)
271 5
+21 10
+4 10
+7 180
cfi=(6)
cfn=(172)
calls=5 806 
* 2849
* 35
+2 15
+3 1
-3 2
+3 3
+6 30
437 15
fi=(4)
160 17
+14 2
fi=(5)
303 6
fe=(45)

fl=(17)
fn=(36)
103 12
+8 36
-4 12
+4 24
+3 12
cfn=(40)
calls=12 -20 
* 456
* 12

fn=(84) free
120 1
+2 3
+7 2

fn=(78)
354 4
+2 2
+1 4
+4 33
+7 84
-2 56
+13 1
+4 2
-7 14
-15 44

fn=(40)
94 31
+1 62
cfn=(44)
calls=31 -43 
* 883
* 31

fn=(44)
52 96
+1 127
+11 93
+3 31
-3 31
+3 62
-3 3
+3 1
-3 1
+3 118
+4 12
+1 6
+6 24
cfi=(37)
cfn=(122)
calls=3 -45 
* 99
+2 15
+4 9
+3 3
+1 3
+2 15
-3 29
+1 29
+2 145
-31 2
-1 5

fl=(6)
fn=(176) check_match
92 1776
+3 1554
+12 1326
+3 1112
cfi=(19)
cfn=(54)
calls=57 +34 
* 2209
* 114
+5 221
-1 221
+1 221
+2 208
+19 208
+1 832
+46 221
-7 221
+7 1105
-18 234
+2 117
+1 468
-1 585
+16 1
-7 1
+7 5
-45 312
cfi=(19)
cfn=(54)
calls=104 +6 
* 3507
* 312

fn=(10)
956 18
+4 6
+4 12
+2 6
-1 6
+3 18
+1 6
+1 6
+3 6
-3 6
+7 6
-4 6
-1 6
+3 6
+2 6
-7 6
+7 6
+1 6

fn=(174) do_lookup_x
355 1645
+1 235
-1 1175
+48 235
-30 235
-11 235
+41 235
+7 470
-7 470
-30 940
+37 940
-44 470
+3 470
-3 1448
+3 1448
+4 1918
+4 1918
+4 1918
+6 2877
+8 959
-4 959
+1 959
+3 1918
+1 2877
+3 959
+1 1918
+2 1918
+8 959
-8 959
+8 9590
-99 738
553 3996
+1 268
cfi=(34)
cfn=(106)
calls=134 288 
* 15257
* 402
+3 2214
+3 14
+1 1880
-92 442
+50 1688
+4 60
+12 442
+1 221
+1 442
413 1488
+2 496
+2 3172
+13 639
-10 2170
+2 444
+1 1110
-1 222
+1 1554
-1 222
+1 666
cfn=(176)
calls=222 92 
* 17091
+4 668
+34 46
+94 161
439 1989

fn=(172)
806 2585
568 235
806 940
568 1175
+1 235
-1 235
+1 705
-1 705
+1 2143
-1 2143
+1 6429
-1 6899
808 235
+4 235
+4 235
-8 235
+1 470
+7 443
+7 235
-2 235
+2 235
-2 235
+6 235
-7 235
+7 470
-7 1410
+15 14
-8 70
+2 3290
cfn=(174)
calls=235 355 
* 103459
+3 705
+26 470
+22 221
+1 1547
+31 221
+9 1105
+14 663
+3 884
+5 221
+2 1880
-85 98
+16 14
+1 28
+59 2

fl=(24)
fn=(68)
84 20
+2 25

fn=(132)
84 20
+1 5

fn=(110)
84 44
+1 5
+1 30

fn=(112)
84 16
+1 4

fl=(79) /build/glibc-S7Ft5T/glibc-2.23/elf/../elf/dl-runtime.c
fn=(314) _dl_fixup
66 106
+5 106
-5 53
+3 106
+3 53
-1 106
-3 53
+5 318
+1 53
-1 53
+1 106
+5 106
+4 106
+4 159
+4 53
+1 265
+2 212
+7 106
-1 53
+1 53
+10 477
cfi=(6)
cfn=(172)
calls=53 806 
* 38316
* 53
+4 265
+10 318
+16 53
-8 53
+8 159
+4 159
fi=(5)
+92 53
fe=(79)
-88 159
fi=(126) /build/glibc-S7Ft5T/glibc-2.23/elf/../sysdeps/x86_64/dl-irel.h
32 1
cob=(3)
cfi=(127) /build/glibc-S7Ft5T/glibc-2.23/string/../sysdeps/x86_64/multiarch/memcpy.S
cfn=(918) memcpy@@GLIBC_2.14
calls=1 * 
* 7
* 1
fe=(79)

fl=(18)
fn=(46)
61 24
+2 24
+2 24
+3 22
+1 22
+2 6
+1 6
+2 6
+1 6
+5 6
+1 6
-1 16
+1 16
+2 7
+1 7
+2 7
+1 14
+5 7
+1 7
-1 15
+1 15
+2 5
+1 5
+2 5
+1 5
+5 5
+1 5
-1 17
+1 17
+2 14
+1 14
+2 14
+1 14
+5 14
+1 14
-1 8
+1 19
+5 11
+1 11
+1 11
+1 11
+2 11
+2 11
+1 11
+2 11
+8 22
+8 10
+6 10
+2 10
+1 10
+3 4
+1 12
+5 4
+1 4
+2 4
+2 4
+1 4
+2 4
-8 14
+1 14
+2 14
+2 14
+1 14
+2 22
+9 4
+1 4
-1 6
+1 6
+3 10
+1 10
+1 10
+5 8
+2 8
+1 8
+1 8
+1 8
+2 8
+1 8
+1 8
+1 8
+2 8
+1 8
+2 8
+22 10
+6 10
+1 10
+2 2

fl=(14)
fn=(30)
24 21
+1 21
+1 21
+1 21
+1 21
+1 21
+1 21
+1 21
+3 21
+1 21
+1 7
+1 7
+1 7
+1 7
+1 7
+1 7
+1 7
+2 20
+1 20
+1 6
+1 6
+1 6
+1 6
+1 6
+1 6
+1 6
+2 20
+1 20
+1 7
+1 7
+1 7
+1 7
+1 2
+1 2
+1 2
+2 15
+1 15
+1 8
+1 8
+1 8
+1 8
+5 7
+1 7
+1 7
+1 7
+1 7
+1 7
+1 7
+1 4
+1 4
+1 4
+1 4
+1 4
+7 4
+2 5
+4 13
+1 13
+1 2
+1 2
+1 2
+1 2
+1 2
+1 2
+1 2
+1 2
+1 2
+1 2
+1 2
+4 14
+1 14

fl=(42)
fn=(140)
34 4
-1 4
+1 4
+1 24
+4 1
-4 12

fl=(10) /build/glibc-S7Ft5T/glibc-2.23/elf/../sysdeps/x86/cpu-features.c
fn=(20) init_cpu_features.constprop.0
46 2
+16 1
-16 4
+16 1
-16 1
+19 1
-3 1
+3 8
176 3
+1 1
+3 2
+1 1
+2 2
+1 7
+7 3
+4 2
+2 4
+41 2
+75 2
+11 1
+2 1
-1 1
+2 8
-85 4
+1 2
+3 1
+2 1
-2 3
+2 2
+3 2
-50 2
+1 1
+6 3
+2 1
+3 3
+16 2
+1 1
+2 2
+81 2
+1 2
+4 2
30 2
+4 1
-4 1
+5 1
-1 1
+2 1
-1 1
+1 1
-2 1
+1 1
+1 1
+1 1
-7 2
+3 1
+4 1
+5 1
+32 2
-32 1
+27 1
+5 1
+3 1
+1 7
+57 2
-66 2
+44 2
314 2

fl=(78) /build/glibc-S7Ft5T/glibc-2.23/elf/../sysdeps/x86_64/dl-trampoline.h
fn=(312) _dl_runtime_resolve_xsave
71 1
+3 1
+2 1
+8 1
+6 1
+1 1
+1 1
+1 1
+1 1
+1 1
+1 1
+4 1
+1 1
+3 1
+1 1
+2 1
+1 1
+1 1
+1 1
+1 1
+1 1
+2 1
+13 1
+1 1
+1 1
cfi=(79)
cfn=(314)
calls=1 -63 
* 1211
+1 1
+5 1
+1 1
+1 1
+2 1
+1 1
+1 1
+1 1
+1 1
+1 1
+1 1
+2 1
+2 1
+4 1
+3 1

fn=(313) _dl_runtime_resolve_xsave'2
71 52
+3 52
+2 52
+8 52
+6 52
+1 52
+1 52
+1 52
+1 52
+1 52
+1 52
+4 52
+1 52
+3 52
+1 52
+2 52
+1 52
+1 52
+1 52
+1 52
+1 52
+2 52
+13 52
+1 52
+1 52
cfi=(79)
cfn=(314)
calls=52 -63 
* 41089
+1 52
+5 52
+1 52
+1 52
+2 52
+1 52
+1 52
+1 52
+1 52
+1 52
+1 52
+2 52
+2 52
+4 52
+3 52

fl=(19)
fn=(54)
144 609
+1 609
+2 609
+1 609
+21 609
+1 609
+1 416
+1 416
+1 275
+1 275
+1 275
+1 275
+21 275
+1 275
+1 275
+1 275
+1 275
+1 275
+1 275
+5 7
+1 7
+9 7
+1 7
+1 7
+1 7
+1 7
+1 7
+1 7
+1 7
-7 334
+1 334
+1 334
+1 334
+1 334
+1 334
+1 334
+1 334
+1 337
+1 280
+1 280
+1 280
+2 280
+1 280
+1 280
+1 280
+1 280
+1 280
-5 57
+1 57
+1 57
+1 57
+1 57
+1 57
+10 4
+1 4
+1 4
+2 4
+6 4
+1 4
+1 4
+1 4
+1 4
+5 4
+2 1
+1 1
+1 2
+8 1
+1 1
+3 1
+1 1
+1 1
+1 1
+1 1
+1 1
696 97
+1 97
+1 97
+1 97
+1 97
+2 97
+1 97
+1 97
+1 97
+1 97
+1 97
+1 97
821 1
+1 1
+1 1
+1 1
+1 1
+2 1
+1 1
+1 1
+1 1
+1 1
+1 1
+1 1
+1 1
+4 1
+1 1
+1 1
+6 1
+1 1
+1 2
+4 1
+1 1
+3 1
+1 1
+1 1
+3 1
+1 1
+1 1
+6 1
+1 1
+1 1
+1 1
+1 1
+1 1
+72 2
+1 2
+1 2
+1 2
+1 2
+2 2
+1 2
+1 2
+1 2
+1 2
+1 2
+1 2
+1 2
+4 2
+1 2
+1 2
+6 2
+1 2
+1 4
+4 2
+1 2
+3 2
+1 2
+1 2
+3 2
+1 2
+1 2
+6 2
+1 2
+1 2
+1 2
+1 2
+1 2
+72 3
+1 3
+1 3
+1 3
+1 3
+2 3
+1 3
+1 3
+1 3
+1 3
+1 3
+1 3
+1 2
+4 2
+1 2
+1 2
+6 2
+1 2
+1 4
+4 2
+1 2
+3 2
+1 2
+1 2
+3 2
+1 2
+1 2
+6 2
+1 2
+1 2
+1 2
+1 2
+1 2
+72 8
+1 8
+1 8
+1 8
+1 8
+2 8
+1 8
+1 8
+1 8
+1 8
+1 8
+1 8
+1 4
+4 4
+1 4
+1 4
+6 4
+1 4
+1 8
+4 4
+1 4
+3 4
+1 4
+1 4
+3 4
+1 4
+1 4
+6 4
+1 4
+1 4
+1 4
+1 4
+1 4
+72 30
+1 30
+1 30
+1 30
+1 30
+2 30
+1 30
+1 30
+1 30
+1 30
+1 30
+1 30
+1 8
+4 8
+1 8
+1 8
+6 8
+1 8
+1 16
+4 8
+1 8
+3 8
+1 8
+1 8
+3 8
+1 8
+1 8
+6 8
+1 8
+1 8
+1 8
+1 8
+1 8
+72 12
+1 12
+1 12
+1 12
+1 12
+2 12
+1 12
+1 12
+1 12
+1 12
+1 12
+1 12
1571 9
+1 9
+1 9
+1 9
+1 9
+2 9
+1 9
+1 9
+1 9
+1 9
+1 9
+1 9
+1 2
+4 2
+1 2
+1 2
+6 2
+1 2
+1 4
+4 2
+1 2
+3 2
+1 2
+1 2
+3 2
+1 2
+1 2
+6 2
+1 2
+1 2
+1 2
+1 2
+1 2
+72 121
+1 121
+1 121
+1 121
+1 121
+2 121
+1 121
+1 121
+1 121
+1 121
+1 121
+1 121
+1 3
+4 3
+1 3
+1 3
+6 3
+1 3
+1 6
+4 3
+1 3
+3 3
+1 3
+1 3
+3 3
+1 3
+1 3
+6 3
+1 3
+1 3
+1 3
+1 3
+1 3
+72 15
+1 15
+1 15
+1 15
+1 15
+2 15
+1 15
+1 15
+1 15
+1 15
+1 15
+1 15
+1 8
+4 8
+1 8
+1 8
+6 8
+1 8
+1 16
+4 8
+1 8
+3 8
+1 8
+1 8
+3 8
+1 8
+1 8
+6 8
+1 8
+1 8
+1 8
+1 8
+1 8
+72 36
+1 36
+1 36
+1 36
+1 36
+2 36
+1 36
+1 36
+1 36
+1 36
+1 36
+1 36
+1 24
+4 24
+1 24
+1 24
+6 24
+1 24
+1 48
+4 24
+1 24
+3 24
+1 24
+1 24
+3 24
+1 24
+1 24
+6 24
+1 24
+1 24
+1 24
+1 24
+1 24
+72 3
+1 3
+1 3
+1 3
+1 3
+2 3
+1 3
+1 3
+1 3
+1 3
+1 3
+1 3
+2 1
+4 1
+1 1
+1 1
+6 1
+1 1
+2 2
+4 1
+1 1
+3 1
+1 1
+1 1
+3 1
+1 1
+1 1
+6 1
+1 1
+1 1
+1 1
+1 1
+1 1
+74 56
+2 56
+1 56
+1 56
+1 56
-3 285
+1 285
+1 285
+1 285
+1 840
+5 280
+6 280
+1 280
+8 280
+1 280
-16 329
+6 329
+1 329
+8 329
+1 329

fl=(7)
fn=(232)
256 1

fn=(12)
86 8
+25 1
-1 1
+1 186
+6 1
-3 1
+1 1
-4 1
+3 1
+3 4
+1 2
-1 25
+1 108
-1 106
+62 1
+1 1
-1 1
+1 1
-29 1
+1 2
+11 1
+1 1
-1 1
+1 1
-7 1
+1 1
-1 1
+1 1
-4 1
+1 2
-25 1
+1 2
-4 1
+1 2
-7 1
+1 1
+2 1
+1 1
fi=(8)
-90 2
cfi=(9) /build/glibc-S7Ft5T/glibc-2.23/elf/../sysdeps/unix/sysv/linux/x86_64/brk.c
cfn=(16) brk
calls=1 -4 
* 11
fi=(5)
225 5
+4 1
cfi=(10)
cfn=(20)
calls=1 46 
* 134
fe=(7)
+2 3
+1 1
cfi=(11)
cfn=(22)
calls=1 66 
* 32
* 1
+2 2
cfi=(12) /build/glibc-S7Ft5T/glibc-2.23/elf/../misc/sbrk.c
cfn=(24) sbrk
calls=1 34 
* 17
* 3
+12 3
+3 5
cfi=(2)
cfn=(26)
calls=1 790 
* 181348
+2 9
-11 2

fl=(25)
fn=(70)
61 25
+4 25
+3 23
+1 23
+2 9
+1 9
+2 9
+1 9
+5 9
+1 9
-1 14
+1 14
+2 11
+1 11
+2 11
+1 11
+5 11
+1 11
-1 12
+1 12
+2 12
+1 12
+2 12
+1 12
+5 12
+1 12
-1 11
+1 11
+2 11
+1 11
+2 11
+1 22
+5 11
+1 11
-1 12
+1 14
+5 2
+1 2
+1 2
+1 2
+2 2
+2 2
+1 2
+2 2
+6 23
+4 23
+12 4
+2 4
+1 4
+26 4
+1 4
+3 4
+1 4
+1 4
+5 4
+2 4
+1 4
+1 4
+1 4
+2 4
+1 4
+1 4
+1 4
+2 4
+1 4
+2 4
+22 4
+2 4
+2 2
+7 2

fl=(29)
fn=(90)
74 2

fn=(86)
50 12
+5 10
+5 2
-1 1
+1 2
+1 2
-1 1
+4 1
-13 6
+4 12
+4 1
-1 1
-58 6

fl=(8)
fn=(60)
45 7
+2 3
+85 8
-45 3
cfi=(21) /build/glibc-S7Ft5T/glibc-2.23/posix/../sysdeps/unix/syscall-template.S
cfn=(62) uname
calls=1 -3 
* 5
* 1
+15 1
-15 1
+20 1
-1 1
+3 12
+4 3
-2 6
+2 10
+2 1
+1 2
-3 4
+7 3
-1 3
+4 3
-2 3
+2 10
+5 2

fl=(28)
fn=(80)
40 20
+1 5
cfi=(11)
cfn=(22)
calls=5 +25 
* 152
* 5
+1 10
cfi=(17)
cfn=(40)
calls=5 +52 
* 145
* 5
+2 10
+4 5
-1 10
+1 10
-1 10
cfi=(18)
cfn=(46)
calls=5 +14 
* 181

fl=(26)
fn=(72)
53 19
+1 19
+1 19
+1 19
+1 19
+2 19
+1 19
+1 16
+1 16
+15 3
+1 3
+1 3
+1 3
+1 3
+1 3
+1 3
+1 3
+1 3
+1 3
+1 3
+1 3
+1 3
+1 6
+3 3
+1 3
+1 3
+1 3
+1 3
+1 3
+1 3
-6 63
+1 63
+1 63
+1 63
+1 63
+1 63
+1 63
+1 3
+3 16
+1 16
+1 16
+1 6
+1 6
+1 2
+1 2
+3 2
+1 2
+1 2
+1 2
+2 4
+1 4
+1 4
+2 10
+1 10
+1 10

fl=(43)
fn=(142)
185 27
+8 6
+3 9
+45 8
+6 6
+9 3
+6 6
-6 12
+6 3
cfi=(24)
cfn=(68)
calls=3 84 
* 27
+19 3
-19 3
+19 424
cfn=(146) _dl_cache_libcmp
calls=27 138 
* 1946
* 134
-15 12
+15 42
cfn=(146)
calls=3 138 
* 251
* 21
-82 4
cfi=(34)
cfn=(144)
calls=1 45 
* 94
+8 1
-8 1
+8 4
+1 4
cfi=(14)
cfn=(30)
calls=1 24 
* 38
* 2
+7 1
-3 1
+3 3
+3 1
+1 2
-1 1
+1 1
+1 4
cfi=(14)
cfn=(30)
calls=1 24 
* 32
* 2
+61 63
+16 6
+4 6
+8 9
cfi=(11)
cfn=(22)
calls=3 66 
* 102
* 6
+1 3
-1 12
+1 6
cfi=(18)
cfn=(46)
calls=3 61 
* 228
+1 6
cfi=(28)
cfn=(80)
calls=3 40 
* 346
+1 24
-31 27

fn=(146)
138 90
+1 70
+2 300
+2 150
-2 150
+2 14
+6 5
+2 5
-1 5
-1 5
+1 5
+1 20
+2 25
+2 10
+6 286
+2 522
+4 118
+1 118
-29 236
+32 9
-7 50
-5 4

fn=(234)
322 4
-1 1
+3 2
cfi=(39)
cfn=(236) munmap
calls=1 84 
* 5
+1 1
+2 2

fl=(1) ???
fn=(0) 0x0000000000000c30
0 2
cfi=(2)
cfn=(2)
calls=1 353 
0 182701
0 14
cfi=(65)
cfn=(240)
calls=1 80 
0 1788
0 3
cob=(7)
cfi=(77)
cfn=(304) _start
calls=1 0 
0 408869

fl=(23)
fn=(66)
39 6
+3 1
-3 2
+3 1
-1 1
+1 1
+9 1
-12 4
+12 2
+10 4
162 2
-47 3
cfi=(24)
cfn=(68)
calls=1 -31 
* 9
* 2
+55 3
+2 2
+1 5
+4 2
+4 1
-4 1
+1 1
+3 1
+3 1
+1 1
-1 1
+4 3
+1 1
-1 9
+1 1
+18 10
+1 2
-1 1
+1 3
cfi=(17)
cfn=(40)
calls=1 94 
* 29
* 1
+1 1
-1 1
+1 5
+29 1
+3 1
-3 2
+3 1
+23 7
+6 2
-1 2
+1 6
-1 8
+5 6
+3 1
-3 1
+3 1
-3 3
+3 1
-3 1
+3 5
+1 12
+1 4
-1 4
+1 8
-2 4
+1 8
-1 14
+4 4
+4 1
-1 1
+2 1
-2 1
+1 1
+1 1
-2 1
+2 10
+13 2
+1 1
-1 1
+3 2
-3 2
+1 1
-1 1
+3 2
+3 4
+3 1
-1 1
+1 9
113 1
+17 1
+1 1
-1 9
243 6
cfi=(25)
cfn=(70)
calls=1 61 
* 22
* 4
cfi=(25)
cfn=(70)
calls=1 61 
* 18
+1 4
cfi=(25)
cfn=(70)
calls=1 61 
* 22
* 4
cfi=(25)
cfn=(70)
calls=1 61 
* 18
* 12

fl=(32)
fn=(96)
163 18
+15 9
-3 18
+1 18
-13 18
+14 18
+1 9
+2 9
cfi=(2)
cfn=(98)
calls=9 664 
* 18
+2 9
-1 9
+4 9
-3 18
+3 9
-4 9
+4 9
cfi=(33)
cfn=(100)
calls=9 26 
* 180
* 27
+2 27
cfi=(41)
cfn=(136)
calls=8 60 
* 17050
cfi=(2)
cfn=(102)
calls=1 496 
* 2372
+1 18
+2 9
+1 9
-3 9
+1 18
+1 9
+9 9
-8 9
+8 27

fn=(150)
205 10
+1 1
cfi=(2)
cfn=(98)
calls=1 664 
* 2
+5 1
-1 1
-4 1
+9 1
+2 1
-3 1
+3 1
cfi=(2)
cfn=(152)
calls=1 529 
* 8021
+2 1
+1 1
+1 8

fl=(21)
fn=(62)
84 4
+1 1

fl=(12)
fn=(24)
34 4
+8 6
+4 2
+16 5

fl=(13)
fn=(28)
30 3
+3 10
+13 57
-13 171
+2 118
+1 20
+5 2
-3 2
+3 2
+2 2
-12 1
+19 1

fl=(27)
fn=(74)
24 15
+1 15
+1 15
+1 15
+1 15
+1 15
+1 15
+1 15
+1 15
+1 15
+1 15
+1 15
+1 15
+1 15
+1 15
+1 15
+1 15
+1 12
+4 12
+1 12
+1 12
+1 12
+2 12
+4 3
+1 3
+1 3
+1 3
+1 3
+1 3
+1 3
+1 3
+1 3
+1 3
+1 3
+1 3
+1 3
+1 3
+1 3
+1 3
+1 3
+1 3
+1 3
+1 3
+1 3
+1 3
+1 3
+1 3
+52 3
+4 3
+1 3
+1 3
+1 3
+2 3

fl=(39)
fn=(236)
84 4
+1 1

fn=(126)
84 40
+1 10

fl=(9)
fn=(16)
31 7
+8 1
-6 2
+7 1

fl=(44)
fn=(156) _dl_check_map_versions
189 18
-15 54
+17 6
+3 18
-3 6
+2 6
+1 6
+2 6
-3 6
+3 6
+3 8
+4 4
-4 4
+4 16
+17 4
56 8
220 4
56 20
220 3
56 6
220 3
56 15
+1 28
-1 56
+2 105
cfi=(34)
cfn=(106)
calls=35 288 
* 3612
* 77
228 21
+5 56
+19 6
-15 170
cfn=(158) match_symbol
calls=3 76 
* 322
* 40
cfn=(158)
calls=10 76 
* 1333
* 13
+7 78
+3 39
+9 42
+5 9
+1 3
+8 8
+3 12
+10 33
-7 132
+3 99
-3 12
+3 9
+8 15
+87 8
-81 20
cfi=(17)
cfn=(36)
calls=5 103 
* 241
* 5
+1 5
-2 5
+2 5
+11 5
+2 5
-5 5
+3 5
+2 5
-2 5
+2 5
+3 16
+4 21
+18 6
-15 18
+2 18
-2 21
+2 21
+2 13
+1 13
-1 26
+1 13
-1 13
+1 13
+1 13
-2 13
+2 26
+1 39
+3 39
+8 21
+5 3
+1 3
+4 15
+3 12
+20 33
-14 72
-2 33
+7 66
+1 33
-1 99
+1 33
-1 33
+1 33
+1 33
+3 108
+10 45
183 2
-8 2
+95 4
-80 2

fn=(154)
380 5
+4 7
+2 42
cfn=(156)
calls=6 189 
* 7908
-2 6
+2 18
-1 6
-1 12
+5 7

fn=(158)
76 143
+9 13
-8 13
-1 26
+1 13
+8 13
+6 39
+15 13
+1 26
+2 13
+5 26
+14 178
+12 228
+4 76
-30 152
+19 65
cfi=(19)
cfn=(54)
calls=13 +11 
* 488
* 26
+35 104

fl=(108) /build/glibc-S7Ft5T/glibc-2.23/elf/dl-open.c
fn=(490) _dl_find_dso_for_object
182 5
+1 4
+1 20
+1 2
+3 2
+4 1
-9 12

fl=(36)
fn=(120)
34 5
-1 5
+1 5
+1 30
+4 5

ob=(5)
fl=(66)
fn=(248)
0 17

fn=(1132)
0 8
cob=(2)
cfi=(16)
cfn=(1138) 0x0000000004a28570
calls=1 0 
0 57
0 1
cfn=(1146) 0x0000000000000580
calls=1 0 
0 9
0 3

fn=(1146)
0 9

ob=(2)
fl=(16)
fn=(472) 0x000000000516f8a0
0 8
cob=(3)
cfi=(104) /build/glibc-S7Ft5T/glibc-2.23/malloc/malloc.c
cfn=(474) malloc
calls=8 2909 
0 60770

fn=(1188)
0 3

fn=(290)
0 6

fn=(1178) 0x0000000004e4c5f8
0 1
cob=(3)
cfi=(164) /build/glibc-S7Ft5T/glibc-2.23/stdlib/cxa_finalize.c
cfn=(1140) __cxa_finalize
calls=1 31 
0 56

fn=(278)
0 6

fn=(1130)
0 3

fn=(1170)
0 3

fn=(82)
0 1
cob=(1)
cfi=(17)
cfn=(84)
calls=1 120 
0 6

fn=(1160) 0x0000000004c2fb08
0 1
cob=(3)
cfi=(164)
cfn=(1140)
calls=1 31 
0 56

fn=(244)
0 6

fn=(326) 0x0000000000401258
0 6

fn=(890) 0x000000000516f8a8
0 6
cob=(3)
cfi=(104)
cfn=(892) free
calls=6 2941 
0 851

fn=(1138)
0 1
cob=(3)
cfi=(164)
cfn=(1140)
calls=1 31 
0 56

fn=(1152)
0 3

ob=(4)
fl=(63)
fn=(220)
25 1
+1 1
+1 1
+1 1
+2 1

fl=(57)
fn=(208)
25 1
+1 1
+1 1
+1 1
+2 1

fl=(59)
fn=(212)
8 5

fl=(55)
fn=(204)
12 8

fl=(64)
fn=(222)
25 1
+1 1
+1 1
+1 1
+2 1

fl=(62)
fn=(218)
10 5

fn=(224)
16 5

fl=(58)
fn=(210)
25 1
+1 1
+1 1
+1 1
+2 1

fl=(61)
fn=(216)
25 1
+1 1
+1 1
+1 1
+2 1

fl=(56)
fn=(206)
25 1
+1 1
+1 1
+1 1
+2 1

fl=(54)
fn=(202)
9 8

fl=(60)
fn=(228)
0 8

fn=(1182) 0x0000000000005600
0 9

fn=(282)
0 17

fn=(1172)
0 8
cob=(2)
cfi=(16)
cfn=(1178)
calls=1 0 
0 57
0 1
cfn=(1182)
calls=1 0 
0 9
0 3

fn=(214)
0 8

fn=(226)
0 8

ob=(7)
fl=(117) /home/brent/ssv3_port/src/f2cExperiment/SPRINT.c
fn=(550) sprint_
62 24
+32 15
cob=(6)
cfi=(76)
cfn=(548) i_len
calls=3 -94 
* 6
* 3
* 3
+2 9
+1 2376
+1 4
+1 2
-3 1779
+7 1
+2 12
+6 6
cob=(6)
cfi=(76)
cfn=(556) s_wsfi
calls=2 0 
* 768
cob=(1)
cfi=(78)
cfn=(313)
calls=1 -40 
* 2627
* 7
+1 12
cob=(6)
cfi=(76)
cfn=(656) do_fio
calls=2 0 
* 595
cob=(1)
cfi=(78)
cfn=(313)
calls=1 -41 
* 1420
* 7
+1 3
cob=(6)
cfi=(76)
cfn=(706) e_wsfi
calls=2 0 
* 292
cob=(1)
cfi=(78)
cfn=(313)
calls=1 -42 
* 1806
* 7
+2 6
+1 6
+1 6
+1 21
cob=(6)
cfi=(76)
cfn=(728) s_cat
calls=2 0 
* 302
cob=(1)
cfi=(78)
cfn=(313)
calls=1 -47 
* 711
* 7
+1 6
+1 6
cob=(6)
cfi=(76)
cfn=(734) s_wsfe
calls=2 0 
* 841
cob=(1)
cfi=(78)
cfn=(313)
calls=1 -49 
* 1550
* 7
+1 15
cob=(6)
cfi=(76)
cfn=(656)
calls=3 0 
* 2538
* 3
+1 3
cob=(6)
cfi=(76)
cfn=(772) e_wsfe
calls=2 0 
* 895
cob=(1)
cfi=(78)
cfn=(313)
calls=1 -51 
* 1150
* 7
+3 18
cob=(6)
cfi=(76)
cfn=(528) s_copy
calls=3 0 
* 1608
* 3
+2 3
+1 15

fl=(143) /home/brent/ssv3_port/src/f2cExperiment/PROLOG.c
fn=(998) prolog_
35 2
+12 4
+1 1
cfi=(144) /home/brent/ssv3_port/src/f2cExperiment/IPRLOG.c
cfn=(1000) iprlog_
calls=1 -12 
* 716
+2 1
+1 2

fl=(149) /home/brent/ssv3_port/src/f2cExperiment/BINCHK.c
fn=(1014) binchk_
54 12
+40 27
+3 27
+1 2
+5 22
+1 4
+16 6

fl=(94) /home/brent/ssv3_port/src/f2cExperiment/SPRVIS.c
fn=(410) sprvis_0_
90 4
213 3
+5 1
+1 1
+1 1
cfi=(95) /home/brent/ssv3_port/src/f2cExperiment/GETPRM.c
cfn=(412) getprm_
calls=1 17 
* 5
+1 1
cfi=(96) /home/brent/ssv3_port/src/f2cExperiment/ARTIME.c
cfn=(414) artime_
calls=1 53 
* 69583
+2 5
cob=(1)
cfi=(78)
cfn=(313)
calls=1 71 
* 1116
* 5
+1 1
+2 1
+4 2
cfi=(114) /home/brent/ssv3_port/src/f2cExperiment/CLOCF4.c
cfn=(530) clocf4_
calls=1 40 
* 1408
+1 2
+3 1
+1 1
+1 1
+2 1
+3 1
+1 1
+1 1
+1 1
+1 1
+1 3
+1 1
+17 5
cob=(1)
cfi=(78)
cfn=(313)
calls=1 71 
* 590
* 5
* 2
+4 7
cfi=(115) /home/brent/ssv3_port/src/f2cExperiment/CFORM.c
cfn=(540) cform_
calls=1 49 
* 60
+1 7
cfi=(115)
cfn=(540)
calls=1 49 
* 282
+2 7
cfi=(115)
cfn=(540)
calls=1 49 
* 276
+2 3
cfi=(116) /home/brent/ssv3_port/src/f2cExperiment/CPRINT.c
cfn=(542) cprint_
calls=1 26 
* 13275
+1 3
cfi=(116)
cfn=(542)
calls=1 26 
* 4519
+8 1
+3 1
+1 1
+3 1
+3 1
+1 3
+3 6
cob=(6)
cfi=(76)
cfn=(538) s_cmp
calls=1 0 
* 14
* 1
* 2
+6 9
cfi=(118) /home/brent/ssv3_port/src/f2cExperiment/LINKF.c
cfn=(784) linkf_
calls=1 53 
* 307253

fn=(408) sprvis_
503 2
+1 2
cfn=(410)
calls=1 90 
* 398486

fl=(97) /home/brent/ssv3_port/src/f2cExperiment/dummy.c
fn=(532) cputim_
112 2
+9 2
cob=(6)
cfi=(76)
cfn=(422) s_wsle
calls=1 0 
* 70
* 1
+1 5
cob=(6)
cfi=(76)
cfn=(434) do_lio
calls=1 0 
* 909
* 1
+1 1
cob=(6)
cfi=(76)
cfn=(444) e_wsle
calls=1 0 
* 402
* 1
+1 1
+1 2

fn=(522) date_
62 2
+9 2
cob=(6)
cfi=(76)
cfn=(422)
calls=1 -71 
* 70
* 1
+1 5
cob=(6)
cfi=(76)
cfn=(434)
calls=1 -72 
* 863
* 1
+1 1
cob=(6)
cfi=(76)
cfn=(444)
calls=1 -73 
* 402
* 1
+1 1
+1 2

fn=(416) time_
39 5
+10 2
cob=(1)
cfi=(78)
cfn=(313)
calls=1 +22 
* 1196
* 5
+1 5
cob=(1)
cfi=(78)
cfn=(313)
calls=1 +21 
* 1472
* 5
+1 1
cob=(1)
cfi=(78)
cfn=(313)
calls=1 +20 
* 65522
* 5
+7 1
+1 2

fl=(118)
fn=(784)
53 5
+19 6
cob=(6)
cfi=(76)
cfn=(538)
calls=1 -72 
* 77
* 1
* 2
+1 1
cfi=(119) /home/brent/ssv3_port/src/f2cExperiment/START.c
cfn=(786) start_
calls=1 +12 
* 307161

fl=(150) /home/brent/ssv3_port/src/f2cExperiment/INPUT.c
fn=(1016) input_
135 7
323 4
+4 4
+4 2
cfi=(151) /home/brent/ssv3_port/src/f2cExperiment/READ.c
cfn=(1018) read_
calls=1 163 
* 3009

fl=(139) /home/brent/ssv3_port/src/f2cExperiment/OPCODE.c
fn=(990) opcode_
67 16
+20 16
+3 16
+1 8
+1 8
+1 8
+1 4
+1 8

fl=(146) /home/brent/ssv3_port/src/f2cExperiment/CILOUT.c
fn=(1004) cilout_
83 45
+73 5
+3 20
+3 15
+1 20
+1 25
+2 5
+49 5
-44 30
+7 6
+3 7
+1 6
+1 3
+1 4
+3 3
+1 2
+1 42
+1 24
+3 18
-2 8
+3 2
+8 12
+2 6
-16 12
+14 24
+2 12
-16 27
+18 4
+1 1
+2 2
-43 5
+48 20
+39 28
+3 28
+1 28
+1 12
+1 12
+1 8
+1 176
+2 48
-3 108
+5 8
0 25

fl=(148) /home/brent/ssv3_port/src/f2cExperiment/ARGCVT.c
fn=(1012) argcvt_
83 12
+57 15
+6 14
+5 12
+1 1
+12 5
+6 4
cfi=(140) /home/brent/ssv3_port/src/f2cExperiment/TWOARG.c
cfn=(992) twoarg_
calls=1 -87 
* 52
+1 1
-30 2
+35 10
cfi=(140)
cfn=(992)
calls=2 -93 
* 104
+1 2
+7 3
+1 6

fl=(144)
fn=(1000)
36 4
+21 1
cfi=(145) /home/brent/ssv3_port/src/f2cExperiment/ICMPRS.c
cfn=(1002) icmprs_
calls=1 +33 
* 269
+1 2
+1 2
+1 4
cfi=(133) /home/brent/ssv3_port/src/f2cExperiment/NAME.c
cfn=(966) name_
calls=1 +3 
* 422
* 1
+1 2
+1 2
+1 2
+1 1
+1 4

fl=(77)
fn=(304)
0 11
cob=(1)
cfi=(78)
cfn=(312)
calls=1 71 
0 408853
0 5

fn=(324) __libc_csu_init
0 15
cob=(2)
cfi=(16)
cfn=(326)
calls=1 0 
0 6
0 8
cfn=(330) 0x0000000000401730
calls=1 0 
0 16
0 11

fn=(1124) 0x0000000000401690
0 8

fn=(330)
0 16

fn=(1120)
0 5
cfn=(1124)
calls=1 0 
0 8
0 3

fl=(119)
fn=(786)
85 3
+65 2
+1 3
+2 38831
cob=(6)
cfi=(76)
cfn=(528)
calls=2987 0 
* 215064
* 2987
-2 17925
+4 7
+1 2
+1 2
+1 2
+2 5
cfi=(120) /home/brent/ssv3_port/src/f2cExperiment/FOUTXX.c
cfn=(788) foutxx_
calls=1 41 
* 4514
+2 3
cfi=(121) /home/brent/ssv3_port/src/f2cExperiment/TAPOP.c
cfn=(790) tapop_
calls=1 -72 
* 10870
+1 3
cfi=(121)
cfn=(790)
calls=1 -73 
* 2570
+1 1
cfi=(132) /home/brent/ssv3_port/src/f2cExperiment/RECOG.c
cfn=(964) recog_
calls=1 282 
* 14367

fl=(141) /home/brent/ssv3_port/src/f2cExperiment/RLSLIN.c
fn=(994) rlslin_
109 8
+65 8
+1 20
+4 16
+1 4
+12 4
cfi=(142) /home/brent/ssv3_port/src/f2cExperiment/COMPRS.c
cfn=(996) comprs_
calls=4 36 
* 1888
+1 4
+24 4
+1 8

fl=(142)
fn=(996)
36 8
+19 12
+6 4
cfi=(145)
cfn=(1002)
calls=4 +29 
* 1118
+1 8
-6 1
+8 1
+1 1
cfi=(143)
cfn=(998)
calls=1 -30 
* 726
+1 1
+1 8

fl=(145)
fn=(1002)
90 15
+85 20
+4 35
+32 6
cfi=(146)
cfn=(1004)
calls=1 83 
* 269
+1 2
-21 4
+63 8
+1 16
+1 8
+1 4
+1 4
+2 34
+3 3
+1 3
+1 3
+3 5
+3 5
+4 3
+1 1
+7 3
+4 13
+1 1
+4 12
+2 15
-2 36
+2 45
+1 4
+15 24
+6 24
cfi=(146)
cfn=(1004)
calls=4 83 
* 632
+1 4
+1 8
180 1
432 2
cfi=(149)
cfn=(1014)
calls=1 54 
* 26
+1 2
cfi=(149)
cfn=(1014)
calls=1 54 
* 37
+1 2
cfi=(149)
cfn=(1014)
calls=1 54 
* 37
+1 1
+63 10

fl=(96)
fn=(414)
53 2
+6 3
cfi=(97)
cfn=(416)
calls=1 -20 
* 68221
+1 3
cfi=(97)
cfn=(522)
calls=1 +2 
* 1351
+2 1
+1 2

fl=(116)
fn=(542)
26 15
+12 15
cob=(6)
cfi=(76)
cfn=(548)
calls=2 -38 
* 4
cob=(1)
cfi=(78)
cfn=(313)
calls=1 +33 
* 613
* 7
* 3
+1 9
+1 3
+6 15
cfi=(117)
cfn=(550)
calls=3 +16 
* 21511
+2 3
+1 6

fl=(152) /home/brent/ssv3_port/src/f2cExperiment/CREAD.c
fn=(1020) cread_
45 6
+16 2
+1 2
cob=(1)
cfi=(78)
cfn=(313)
calls=1 +9 
* 994
* 5
* 3
+1 4
+3 5
cob=(6)
cfi=(76)
cfn=(656)
calls=1 -66 
* 1954
* 1

fl=(138) /home/brent/ssv3_port/src/f2cExperiment/RESRVZ.c
fn=(988) resrvz_
85 21
+57 3
+1 9
+1 15
+3 23
+1 2
+2 23
+3 24
+1 1
+3 9
+14 9
cfi=(139)
cfn=(990)
calls=3 67 
* 63
+1 15
cfi=(140)
cfn=(992)
calls=3 -89 
* 156
+1 15
cfi=(140)
cfn=(992)
calls=3 -90 
* 156
+1 3
cfi=(141)
cfn=(994)
calls=3 -65 
* 1534
+1 9
+4 21
+3 16
-2 1
+6 42
+2 3
+1 6

fl=(121)
fn=(790)
90 16
+34 22
+2 8
+2 2
+1 4
+1 20
+1 6
cob=(6)
cfi=(76)
cfn=(796) f_clos
calls=1 0 
* 23
cob=(1)
cfi=(78)
cfn=(313)
calls=1 -60 
* 591
* 6
* 2
+1 4
+4 6
cfi=(122) /home/brent/ssv3_port/src/f2cExperiment/FILOPN.c
cfn=(798) filopn_
calls=2 -56 
* 12690
+1 12
+1 14
+68 4
0 10

fl=(115)
fn=(540)
49 27
+9 12
+6 72
cob=(6)
cfi=(76)
cfn=(528)
calls=3 -64 
* 495
* 3
+3 3
+1 6

fl=(132)
fn=(964)
282 6
705 5
cob=(6)
cfi=(76)
cfn=(528)
calls=1 0 
* 49
* 1
+1 2
+1 2
+2 3
cfi=(133)
cfn=(966)
calls=1 63 
* 1065
* 1
+1 10
+2 3
cfi=(135) /home/brent/ssv3_port/src/f2cExperiment/GETTMP.c
cfn=(976) gettmp_
calls=1 71 
* 6885
* 1
+4 5
cfi=(147) /home/brent/ssv3_port/src/f2cExperiment/MACLBL.c
cfn=(1010) maclbl_
calls=1 61 
* 1222
+1 10
+1 12
cfi=(138)
cfn=(988)
calls=1 85 
* 488
+2 3
cfi=(139)
cfn=(990)
calls=1 67 
* 21
+1 2
cfi=(148)
cfn=(1012)
calls=1 83 
* 101
+1 3
cfi=(148)
cfn=(1012)
calls=1 83 
* 71
+1 3
cfi=(148)
cfn=(1012)
calls=1 83 
* 71
+1 1
cfi=(141)
cfn=(994)
calls=1 109 
* 430
+3 12
cfi=(138)
cfn=(988)
calls=1 85 
* 481
+1 1
+58 2
+1 2
+1 4
+1 1
+7 3
+1 7
+1 3
+2 2
+2 150
-2 183
+4 2
+1 2
+2 8
+1 1
1685 1
cfi=(150)
cfn=(1016)
calls=1 135 
* 3026

fl=(136) /home/brent/ssv3_port/src/f2cExperiment/SHIFT.c
fn=(978) shift_
23 120
+29 72
cob=(6)
cfi=(76)
cfn=(984) i_indx
calls=11 -52 
* 558
cob=(1)
cfi=(78)
cfn=(313)
calls=1 +19 
* 633
* 16
* 12
+1 36
+1 108
+9 12
+1 60

fl=(93) /home/brent/ssv3_port/src/f2cExperiment/SSV3.c
fn=(406) MAIN__
758 2
1121 1
cfi=(94)
cfn=(408)
calls=1 503 
* 398490

fl=(151)
fn=(1018)
163 4
318 1
+22 4
+1 1
+2 3
+3 1
+1 1
+4 1
+1 3
+1 1
+9 4
+1 1
+13 4
+4 4
cfi=(152)
cfn=(1020)
calls=1 45 
* 2976

fl=(122)
fn=(798)
80 14
+38 2
+1 22
+1 2
+1 14
+1 24
+1 22
+1 24
+1 26
+1 2
+1 6
cob=(6)
cfi=(76)
cfn=(804) f_open
calls=1 0 
* 2390
cob=(1)
cfi=(78)
cfn=(313)
calls=1 -56 
* 10114
* 6
* 2
+1 6
+16 4
0 10

fl=(137) /home/brent/ssv3_port/src/f2cExperiment/BINBCD.c
fn=(986) binbcd_
27 30
+25 9
+1 6
+1 15
cob=(6)
cfi=(76)
cfn=(528)
calls=3 -54 
* 168
* 3
+1 9
+3 6
cob=(6)
cfi=(76)
cfn=(556)
calls=3 -58 
* 1152
* 3
+1 12
cob=(6)
cfi=(76)
cfn=(656)
calls=3 -59 
* 1209
* 3
+1 3
cob=(6)
cfi=(76)
cfn=(706)
calls=3 -60 
* 438
* 3
+1 6
+1 216
+2 6
+1 3
-4 135
+10 15
+2 30
+1 6
+1 24
cob=(6)
cfi=(76)
cfn=(728)
calls=3 -75 
* 393
* 3
+2 3
+1 15

fl=(140)
fn=(992)
83 45
+63 36
+1 9
+5 36
+1 9
+7 27
+1 63
+1 18
+15 72
+1 81
+1 45
+2 9
+1 18

fl=(134) /home/brent/ssv3_port/src/f2cExperiment/BCDF.c
fn=(968) bcdf_
63 32
+17 4
+2 16
+1 8
+1 28
cob=(6)
cfi=(76)
cfn=(728)
calls=4 -84 
* 568
* 4
+1 8
+1 8
+1 80
cob=(6)
cfi=(76)
cfn=(974) lbit_shift
calls=15 -87 
* 90
cob=(1)
cfi=(78)
cfn=(313)
calls=1 -16 
* 661
* 20
* 144
-1 108
+6 8
+2 4
+1 20

fl=(135)
fn=(976)
71 7
+55 15
+4 5
cob=(6)
cfi=(76)
cfn=(528)
calls=1 0 
* 48
* 1
+4 5
cfi=(136)
cfn=(978)
calls=1 23 
* 673
+4 5
+6 11
+1 6
cfi=(137)
cfn=(986)
calls=1 27 
* 1308
+1 5
cfi=(136)
cfn=(978)
calls=1 23 
* 66
* 1
+5 16
+1 6
cfi=(137)
cfn=(986)
calls=1 27 
* 1308
+1 5
cfi=(136)
cfn=(978)
calls=1 23 
* 78
+4 5
cfi=(136)
cfn=(978)
calls=1 23 
* 90
+1 5
cfi=(136)
cfn=(978)
calls=1 23 
* 102
+4 9
+1 1
+12 20
+1 6
cfi=(137)
cfn=(986)
calls=1 27 
* 1308
+1 5
cfi=(136)
cfn=(978)
calls=1 23 
* 114
+4 3
cfi=(133)
cfn=(966)
calls=1 63 
* 402
* 1
+6 7
+7 12
cfi=(138)
cfn=(988)
calls=1 85 
* 1210
+1 10
+1 1
0 5

fl=(133)
fn=(966)
63 20
+34 16
cfi=(134)
cfn=(968)
calls=4 -34 
* 1811
* 40
+1 12
+3 16
+2 8
+1 12
+1 28
+3 13
cob=(6)
cfi=(76)
cfn=(538)
calls=1 0 
* 61
* 1
* 2
+2 1
-6 12
+2 6
+29 39
cob=(6)
cfi=(76)
cfn=(528)
calls=3 0 
* 138
* 3
+3 8
+1 28
+1 8
+5 8

fl=(147)
fn=(1010)
61 7
166 5
cob=(6)
cfi=(76)
cfn=(528)
calls=1 0 
* 56
* 1
+2 2
+1 5
+11 3
+1 3
+1 1
+6 9
+1 9
+2 2
+1 18
cfi=(136)
cfn=(978)
calls=2 23 
* 120
-1 15
+5 2
+1 1
+1 2
+1 20
+1 32
cfi=(136)
cfn=(978)
calls=4 23 
* 384
+1 28
+1 40
-4 27
+8 8
cfi=(133)
cfn=(966)
calls=1 63 
* 402
* 3
+1 3
+3 9
+1 1
+1 4

fl=(114)
fn=(530)
40 4
+6 1
cfi=(97)
cfn=(532)
calls=1 +66 
* 1397
* 3
+1 1
+1 2

fl=(95)
fn=(412)
17 2
+2 1
+1 2

fl=(120)
fn=(788)
41 7
+19 8
cob=(6)
cfi=(76)
cfn=(528)
calls=1 -60 
* 82
* 1
+1 3
cfi=(116)
cfn=(542)
calls=1 -35 
* 4410
+1 1
+1 2

ob=(6)
fl=(76)
fn=(348) main
0 8
cob=(1)
cfi=(78)
cfn=(313)
calls=1 71 
0 1485
0 5
0 3
cob=(3)
cfi=(85) /build/glibc-S7Ft5T/glibc-2.23/signal/../sysdeps/posix/signal.c
cfn=(356) signal
calls=1 34 
0 156
0 1
0 3
cob=(3)
cfi=(85)
cfn=(356)
calls=1 34 
0 156
0 1
0 3
cob=(3)
cfi=(85)
cfn=(356)
calls=1 34 
0 156
0 1
0 5
cob=(3)
cfi=(85)
cfn=(356)
calls=1 34 
0 156
0 1
0 5
cob=(3)
cfi=(85)
cfn=(356)
calls=1 34 
0 156
0 1
0 1
cob=(1)
cfi=(78)
cfn=(313)
calls=1 71 
0 4024
0 5
0 2
cfn=(394) 0x00000000000138a0
calls=1 0 
0 1414
0 1
cob=(1)
cfi=(78)
cfn=(313)
calls=1 71 
0 398973
0 5

fn=(370) f_init
0 8
cob=(1)
cfi=(78)
cfn=(313)
calls=1 71 
0 3256
0 5
0 7
cfn=(376) f__canseek
calls=1 0 
0 94
0 1
0 7
cfn=(376)
calls=1 0 
0 94
0 1
0 5

fn=(428) c_le
0 114

fn=(682) z_putc
0 561

fn=(1030) x_getc
0 11
cob=(1)
cfi=(78)
cfn=(313)
calls=1 71 
0 1802
0 5

fn=(1154)
0 8
cob=(2)
cfi=(16)
cfn=(1160)
calls=1 0 
0 57
0 1
cfn=(1164) 0x0000000000005be0
calls=1 0 
0 9
0 3

fn=(376)
0 10
cob=(3)
cfi=(89) /build/glibc-S7Ft5T/glibc-2.23/libio/fileno.c
cfn=(382) fileno
calls=4 35 
0 24
cob=(1)
cfi=(78)
cfn=(313)
calls=1 71 
0 1294
0 9
0 10
cob=(3)
cfi=(90) /build/glibc-S7Ft5T/glibc-2.23/io/../sysdeps/posix/isatty.c
cfn=(388) isatty
calls=4 24 
0 206
cob=(1)
cfi=(78)
cfn=(313)
calls=1 71 
0 1365
0 9
0 25

fn=(436) l_write
0 219
cfn=(438) x_putc
calls=3 0 
0 54
0 21
cfn=(438)
calls=3 0 
0 54
0 294
cfn=(438)
calls=98 0 
0 1764
0 205

fn=(438)
0 3492

fn=(556)
0 12
cfn=(562) c_si
calls=5 0 
0 1785
cob=(1)
cfi=(78)
cfn=(313)
calls=1 71 
0 1987
0 10
0 144

fn=(568) pars_f
0 90
cfn=(570) 0x0000000000008040
calls=10 0 
0 2812
0 60

fn=(740) c_sfe
0 96

fn=(706)
0 12
cfn=(712) en_fio
calls=5 0 
0 585
cob=(1)
cfi=(78)
cfn=(313)
calls=1 71 
0 1197
0 10
0 156

fn=(570)
0 240
cfn=(578) 0x0000000000007fa0
calls=10 0 
0 330
0 370
cfn=(578)
calls=10 0 
0 330
0 310
cfn=(578)
calls=10 0 
0 330
0 328
cfn=(578)
calls=6 0 
0 198
0 240
cfn=(578)
calls=4 0 
0 132
0 4

fn=(1028) rd_ed
0 40
cfn=(1030)
calls=1 0 
0 1818

fn=(656)
0 1770
cfn=(1028)
calls=1 0 
0 1858
cfn=(658) w_ed
calls=9 0 
0 4168
0 45
cfn=(720) z_wnew
calls=6 0 
0 126
0 39
cfn=(450) f__putbuf
calls=3 0 
0 1138
0 3
0 24

fn=(720)
0 126

fn=(796)
0 1502
cob=(3)
cfi=(125) /build/glibc-S7Ft5T/glibc-2.23/libio/iofclose.c
cfn=(874) fclose@@GLIBC_2.2.5
calls=2 39 
0 1124
0 2
0 4
cob=(3)
cfi=(104)
cfn=(892)
calls=1 2941 
0 100
cob=(1)
cfi=(78)
cfn=(313)
calls=1 71 
0 1416
0 6
0 935
cfn=(1096) t_runc
calls=1 0 
0 428
cob=(1)
cfi=(78)
cfn=(313)
calls=1 71 
0 3606
0 6
0 2

fn=(394)
0 6
cob=(1)
cfi=(78)
cfn=(313)
calls=1 71 
0 1403
0 5

fn=(444)
0 9
cfn=(450)
calls=2 0 
0 788
cob=(1)
cfi=(78)
cfn=(313)
calls=1 71 
0 64922
0 7
0 12

fn=(562)
0 96
cfn=(568)
calls=5 0 
0 1455
cob=(1)
cfi=(78)
cfn=(313)
calls=1 71 
0 829
0 10
0 18
cfn=(650) fmt_bg
calls=5 0 
0 75
cob=(1)
cfi=(78)
cfn=(313)
calls=1 71 
0 569
0 10
0 180

fn=(658)
0 90
cfn=(670) f__icvt
calls=5 0 
0 123
cob=(1)
cfi=(78)
cfn=(313)
calls=1 71 
0 577
0 10
0 108
cfn=(682)
calls=6 0 
0 102
0 57
cfn=(682)
calls=19 0 
0 323
0 152
cfn=(682)
calls=6 0 
0 102
0 8
cfn=(682)
calls=2 0 
0 34
0 409
cfn=(438)
calls=3 0 
0 54
0 261
cfn=(438)
calls=87 0 
0 1566
0 192

fn=(670)
0 154

fn=(728)
0 1414

fn=(734)
0 54
cfn=(740)
calls=2 0 
0 48
cob=(1)
cfi=(78)
cfn=(313)
calls=1 71 
0 570
0 7
0 69
cfn=(568)
calls=3 0 
0 914
0 3
0 63
cfn=(650)
calls=3 0 
0 45
0 3
0 39

fn=(804)
0 102
cfn=(826) g_char
calls=1 0 
0 114
cob=(1)
cfi=(78)
cfn=(313)
calls=1 71 
0 652
0 6
0 80
cob=(3)
cfi=(123) /build/glibc-S7Ft5T/glibc-2.23/libio/iofopen.c
cfn=(842) fopen@@GLIBC_2.2.5
calls=1 97 
0 512
cob=(1)
cfi=(78)
cfn=(313)
calls=1 71 
0 1808
0 6
0 8
cob=(3)
cfi=(125)
cfn=(874)
calls=1 39 
0 393
cob=(1)
cfi=(78)
cfn=(313)
calls=1 71 
0 1772
0 6
0 54
cob=(3)
cfi=(104)
cfn=(474)
calls=1 2909 
0 196
cob=(1)
cfi=(78)
cfn=(313)
calls=1 71 
0 1485
0 6
0 22
cob=(3)
cfi=(128) /build/glibc-S7Ft5T/glibc-2.23/string/../sysdeps/x86_64/multiarch/memcpy-avx-unaligned.S
cfn=(920) __memcpy_avx_unaligned
calls=1 41 
0 14
cob=(1)
cfi=(78)
cfn=(313)
calls=1 71 
0 1306
0 6
0 26
cob=(3)
cfi=(123)
cfn=(842)
calls=2 97 
0 1046
0 2
0 14
cfn=(376)
calls=2 0 
0 86
0 2
0 16
cob=(3)
cfi=(129) /build/glibc-S7Ft5T/glibc-2.23/libio/rewind.c
cfn=(942) rewind
calls=1 32 
0 419
cob=(1)
cfi=(78)
cfn=(313)
calls=1 71 
0 1741
0 6
0 14

fn=(1060) sig_die
0 11
cob=(1)
cfi=(78)
cfn=(313)
calls=1 71 
0 2096
0 5
0 4
cob=(1)
cfi=(78)
cfn=(313)
calls=1 71 
0 13179
0 5

fn=(294)
0 17

fn=(548)
0 12

fn=(578)
0 1320

fn=(650)
0 150

fn=(772)
0 6
cfn=(712)
calls=3 0 
0 1456
0 3
0 12

fn=(974)
0 96

fn=(1086) f_exit
0 12
cob=(1)
cfi=(78)
cfn=(313)
calls=1 71 
0 4191
0 5
0 396
cfn=(796)
calls=99 0 
0 5432
0 99
0 202

fn=(1096)
0 46
cob=(3)
cfi=(160) /build/glibc-S7Ft5T/glibc-2.23/libio/ftello.c
cfn=(1102) ftello
calls=1 35 
0 112
cob=(1)
cfi=(78)
cfn=(313)
calls=1 71 
0 1408
0 6
0 10
cob=(3)
cfi=(162) /build/glibc-S7Ft5T/glibc-2.23/libio/fseeko.c
cfn=(1110) fseeko
calls=1 32 
0 169
cob=(1)
cfi=(78)
cfn=(313)
calls=1 71 
0 1481
0 6
0 4
cob=(3)
cfi=(160)
cfn=(1102)
calls=2 35 
0 224
0 2
0 4

fn=(528)
0 218201

fn=(538)
0 166

fn=(712)
0 81
cfn=(656)
calls=8 0 
0 1921
cob=(1)
cfi=(78)
cfn=(313)
calls=1 71 
0 640
0 13
0 45

fn=(826)
0 228

fn=(422)
0 12
cfn=(428)
calls=2 0 
0 76
cob=(1)
cfi=(78)
cfn=(313)
calls=1 71 
0 568
0 7
0 81

fn=(434)
0 24
cfn=(436)
calls=3 0 
0 2611

fn=(450)
0 162
cob=(3)
cfi=(98) /build/glibc-S7Ft5T/glibc-2.23/libio/iofputs.c
cfn=(456) fputs
calls=5 32 
0 1571
cob=(1)
cfi=(78)
cfn=(313)
calls=1 71 
0 62903
0 10
0 12
cob=(3)
cfi=(99) /build/glibc-S7Ft5T/glibc-2.23/string/../sysdeps/x86_64/strlen.S
cfn=(458) strlen
calls=5 66 
0 160
cob=(1)
cfi=(78)
cfn=(313)
calls=1 71 
0 1402
0 10
0 48

fn=(984)
0 576

fn=(1026) s_rsfe
0 18
cfn=(740)
calls=1 0 
0 24
0 1
0 23
cfn=(568)
calls=1 0 
0 302
0 1
0 12
cfn=(650)
calls=1 0 
0 15
0 1
0 21

fn=(1054) 0x000000000000c7b0
0 3
cob=(1)
cfi=(78)
cfn=(313)
calls=1 71 
0 15854
0 5

fn=(1164)
0 9

ob=(3)
fl=(89)
fn=(382)
35 25
+7 5

fl=(71) /build/glibc-S7Ft5T/glibc-2.23/string/../sysdeps/x86_64/strrchr.S
fn=(264) rindex
24 1
+1 1
+1 1
+1 1
+1 1
+1 1
+1 1
+1 1
+1 1
+1 1
+1 1
+1 1
+1 1
+1 1
+1 1
+1 1
+1 1
+1 1
+1 1
+1 1
+1 1
+1 1
+1 1
+1 1

fl=(129)
fn=(942)
32 2
+2 2
-2 2
+2 28
+1 10
cfi=(130) /build/glibc-S7Ft5T/glibc-2.23/libio/ioseekoff.c
cfn=(944) _IO_seekoff_unlocked
calls=2 +5 
* 762
+1 6
fi=(113) /build/glibc-S7Ft5T/glibc-2.23/libio/libioP.h
866 2
fe=(129)
36 2
fi=(113)
866 2
+1 16
fe=(129)
38 4

fl=(73)
fn=(270) handle_intel
262 4
-1 4
+17 2
-17 12
+14 2
+1 4
-3 6
+23 8
cfn=(272) intel_check_word
calls=2 133 
* 666
+1 4
+3 10
cfn=(272)
calls=2 133 
* 238
+1 4
-17 4
+5 2
-5 6
+5 2
+2 2
+1 2
-1 4
+27 16

fn=(272)
133 8
+6 4
-7 20
+7 16
-7 4
+7 4
+2 4
-2 4
+2 4
+68 8
+3 24
-69 4
+2 8
-2 6
+2 12
+8 20
+51 16
+22 8
fi=(74) /build/glibc-S7Ft5T/glibc-2.23/string/../bits/stdlib-bsearch.h
27 8
+1 16
+3 16
+1 8
fe=(73)
+89 16
fi=(74)
-90 12
+1 6
fe=(73)
+89 12
+3 54
fi=(74)
-95 44
+2 44
-2 44
+2 80
+1 40
fe=(73)
+89 80
251 8
141 16
-6 2
256 24
fi=(74)
37 10
-8 24
fe=(73)
165 6
+3 6
+4 4
+2 4
+1 14
+2 7
-12 2
+12 2
+1 10
+1 10
+1 6
+17 3
-32 9
+3 9
+4 6
+2 6
+1 12
+2 12
+5 2
+2 4
+2 32

fn=(268)
482 2
+12 1
-12 3
+12 3
+2 4
cfn=(270)
calls=1 262 
* 455
+4 2
-4 1
+4 1
cfn=(270)
calls=1 262 
* 547
+2 1
-2 1
-1 1
+3 1
+9 2
+2 1
+1 1
+2 1
+5 2
+9 4
-9 4
+9 16
-9 12
+6 8
+69 4
+1 5
+55 2
+2 1
+1 1
+2 1
-3 1
+5 1
-5 1
+4 3
+4 2
+2 1
+1 1
+2 1
-3 1
+5 1
-5 1
+4 2
+3 1
-3 1
+3 5
532 1
+32 1
-26 6
+7 5
+2 1
+1 1
+1 2
-4 4
+2 1
+1 1
+1 6
+2 2
-6 2
+6 2
+5 1
+2 2
+1 1
-1 1
+1 3
+6 1
-1 1
+1 5

fl=(98)
fn=(456)
32 30
+1 6
cfi=(99)
cfn=(458)
calls=6 +33 
* 194
* 6
+3 90
+1 19
+1 5
cfi=(100) /build/glibc-S7Ft5T/glibc-2.23/libio/fileops.c
cfn=(460) _IO_file_xsputn@@GLIBC_2.2.5
calls=1 1287 
* 61540
* 25
cfi=(100)
cfn=(460)
calls=5 1287 
* 1161
* 6
+1 6
-1 6
fi=(113)
866 12
fe=(98)
37 10
fi=(113)
867 48
fe=(98)
42 30

fl=(52)
fn=(194)
37 1
-1 1
+1 6
fi=(48) /build/glibc-S7Ft5T/glibc-2.23/time/../sysdeps/generic/dl-hash.h
+11 3
+14 4
-17 3
+3 9
+14 12
-17 9
fe=(52)
-8 3
+3 2
-3 1
+3 1
cfi=(49) /build/glibc-S7Ft5T/glibc-2.23/elf/../sysdeps/unix/sysv/linux/dl-vdso.c
cfn=(184) _dl_vdso_vsym
calls=1 -13 
* 6
+1 3
+1 2

fl=(49)
fn=(184)
27 8
+4 8
-3 8

fl=(130)
fn=(944)
40 16
-1 24
+10 28
+1 2
+15 24
+1 16
-1 8
cfi=(100)
cfn=(946) _IO_file_seekoff@@GLIBC_2.2.5
calls=8 986 
* 1160
-16 4

fl=(53)
fn=(198)
0 11

fl=(67)
fn=(256)
52 8
+6 3
+14 1
fi=(69) /build/glibc-S7Ft5T/glibc-2.23/csu/../sysdeps/unix/sysv/linux/x86_64/init-first.c
-36 1
fe=(67)
+34 1
+1 1
fi=(69)
-35 3
fe=(67)
+36 1
fi=(69)
-36 3
fi=(68) /build/glibc-S7Ft5T/glibc-2.23/csu/../sysdeps/generic/dl-hash.h
+12 3
+14 4
-17 3
+3 9
+14 12
-17 9
fi=(69)
-9 3
+2 2
-2 1
+2 2
cfi=(49)
cfn=(184)
calls=1 -11 
* 6
+1 2
+5 2
-3 2
+1 1
+2 1
cfi=(49)
cfn=(184)
calls=1 -17 
* 6
fe=(67)
+42 3
fi=(69)
-41 2
+1 1
fe=(67)
+40 1
cfi=(70) /build/glibc-S7Ft5T/glibc-2.23/misc/init-misc.c
cfn=(262) __init_misc
calls=1 -55 
* 48
+8 1
cfi=(72) /build/glibc-S7Ft5T/glibc-2.23/ctype/ctype-info.c
cfn=(266) __ctype_init
calls=1 -63 
* 16
+5 6
-34 1
-7 1
+7 4
fi=(69)
-25 2
fe=(67)

fl=(70)
fn=(262)
31 2
-1 3
+1 4
+2 3
cfi=(71)
cfn=(264)
calls=1 -9 
* 24
+4 5
+1 3
+2 4

fl=(154) /build/glibc-S7Ft5T/glibc-2.23/debug/fprintf_chk.c
fn=(1066) __fprintf_chk
26 11
+4 15
+1 2
+1 1
+2 1
+1 3
-1 5
+1 1
cfi=(155) /build/glibc-S7Ft5T/glibc-2.23/stdio-common/vfprintf.c
cfn=(1068) vfprintf
calls=1 1236 
* 704
+3 1
-3 1
+4 1
-1 1
+1 1
fi=(157) /build/glibc-S7Ft5T/glibc-2.23/debug/../libio/libioP.h
875 1
+1 1
-1 1
+1 1
+1 8
fe=(154)
43 5

fl=(87) /build/glibc-S7Ft5T/glibc-2.23/signal/../nptl/sigaction.c
fn=(362) sigaction
34 18
+6 6
cfi=(88) /build/glibc-S7Ft5T/glibc-2.23/signal/../sysdeps/unix/sysv/linux/x86_64/sigaction.c
cfn=(364) __libc_sigaction
calls=6 +7 
* 606

fl=(166) /build/glibc-S7Ft5T/glibc-2.23/posix/../sysdeps/unix/sysv/linux/_exit.c
fn=(1200) _Exit
27 2
+4 1
+2 2

fl=(85)
fn=(358) __bsd_signal.part.0
29 12
+12 18
-1 6
+1 12
fi=(86) /build/glibc-S7Ft5T/glibc-2.23/signal/../sysdeps/unix/sysv/linux/bits/sigset.h
+75 6
fe=(85)
-75 102
fi=(86)
+76 12
fe=(85)
-72 6
fi=(86)
+72 24
fe=(85)
-73 6
+1 6
-1 24
+1 6
cfi=(87)
cfn=(362)
calls=6 -11 
* 630
+3 18
+1 12

fn=(356)
34 36
cfn=(358)
calls=6 -5 
* 900

fl=(103) /build/glibc-S7Ft5T/glibc-2.23/io/../sysdeps/unix/sysv/linux/wordsize-64/fxstat.c
fn=(470) _fxstat
34 6
-1 6
+1 6
+1 36
+4 6

fl=(92) /build/glibc-S7Ft5T/glibc-2.23/string/../sysdeps/x86_64/memcpy.S
fn=(392) __GI_mempcpy
61 8
+4 8
+3 8
+1 8
+2 6
+1 6
+2 6
+1 6
+5 6
+1 6
-1 2
+1 2
+2 6
+1 6
+2 6
+1 6
+5 6
+1 6
-1 2
+1 2
+2 3
+1 3
+2 3
+1 3
+5 3
+1 3
-1 5
+1 5
+2 2
+1 2
+2 2
+1 4
+5 2
+1 2
-1 6
+1 9
+5 3
+1 3
+1 3
+1 3
+2 3
+2 3
+1 3
+2 3
+6 8
+4 8
+12 3
+2 3
+1 3
+26 3
+1 3
+3 3
+1 3
+1 3
+5 3
+2 3
+1 3
+1 3
+1 3
+2 3
+1 3
+1 3
+1 3
+2 3
+1 3
+2 3
+2 1
+2 1
+1 1
+1 1
+1 1
+2 1
+1 1
+1 1
+1 1
+2 1
+1 1
+2 3
+5 1
+2 1
-2 2
+2 2

fl=(131) /build/glibc-S7Ft5T/glibc-2.23/misc/../sysdeps/unix/syscall-template.S
fn=(950) lseek
84 32
+1 2
+1 30

fl=(164)
fn=(1140)
31 12
+17 3
-17 12
+4 12
+4 18
-4 9
+32 12
+4 18
-4 9
+12 6
+3 3
-2 3
+2 18
-2 3
cfi=(165) /build/glibc-S7Ft5T/glibc-2.23/nptl/unregister-atfork.c
cfn=(1142) __unregister_atfork
calls=3 -52 
* 30

fl=(106) /build/glibc-S7Ft5T/glibc-2.23/malloc/arena.c
fn=(480) ptmalloc_init.part.5
258 6
+13 1
-8 1
+8 1
+6 3
+2 5
+16 2
-56 59
-18 180
+2 118
+1 4
+1 4
340 2
+6 2
+1 2
+2 1
+1 7
-78 5
cfi=(107) /build/glibc-S7Ft5T/glibc-2.23/elf/dl-addr.c
cfn=(482) _dl_addr
calls=1 126 
* 57980
* 2
+1 4

fl=(128)
fn=(920)
41 2
+4 2
+1 2
+1 2
+1 2
+86 2
+1 2
+9 2
+1 2
+1 2
+1 2
+1 2
+1 2
+1 2

fl=(155)
fn=(1070) buffered_vfprintf
2287 5
+8 3
+10 1
-6 2
+7 1
+2 1
-3 3
+8 1
-8 1
+10 1
+5 1
-5 1
+1 2
+4 1
cfn=(1069) vfprintf'2
calls=1 1236 
* 400
+6 1
-6 1
+6 5
+1 8
+12 5
+2 4
cfi=(100)
cfn=(460)
calls=1 1287 
* 202
+1 3
+5 5
+1 2
+2 1
+1 6
-56 3

fn=(1068)
1236 8
+31 3
+8 4
+4 5
+11 5
+3 1
cfn=(1070)
calls=1 2287 
* 670
1689 8

fn=(1069)
1236 8
+31 3
+8 3
+4 5
+11 5
+11 1
fi=(168) /build/glibc-S7Ft5T/glibc-2.23/stdio-common/printf-parse.h
108 3
fe=(155)
1316 1
-15 5
fi=(168)
108 1
cfi=(156) /build/glibc-S7Ft5T/glibc-2.23/string/../sysdeps/x86_64/strchr.S
cfn=(1072) strchrnul
calls=1 -84 
* 20
fe=(155)
1316 1
fi=(168)
108 1
fe=(155)
1312 1
+4 2
+4 8
cfi=(101) /build/glibc-S7Ft5T/glibc-2.23/libio/genops.c
cfn=(508) _IO_default_xsputn
calls=1 425 
* 4
* 4
1685 2
+1 2
+2 1
+1 8
1275 2
+45 2
+4 1
-4 1
+4 2
+4 12
1552 2
-21 2
1632 2
-1 2
1370 15
-7 1
-1 1
-3 1
-1 1
+8 1
+4 1
-3 1
-10 1
-1 1
-1 1
-1 1
-1 1
+14 1
-15 1
-1 1
-1 1
-1 1
+18 2
1649 1
+2 2
+8 1
fi=(168)
108 2
fe=(155)
1659 1
fi=(168)
108 1
fe=(155)
1659 1
fi=(168)
108 2
cfi=(156)
cfn=(1072)
calls=1 -84 
* 20
fe=(155)
1663 1
-4 1
+4 11
cfi=(101)
cfn=(508)
calls=1 425 
* 43
* 13
+2 3
-33 12
cfi=(101)
cfn=(508)
calls=1 425 
* 83
* 51

fl=(124) /build/glibc-S7Ft5T/glibc-2.23/string/../string/strstr.c
fn=(862) __GI_strstr
53 28
+10 12
+2 8
+1 4
+23 32
-26 4
-5 8

fl=(160)
fn=(1102)
35 4
+3 4
-3 4
+3 56
+1 20
cfi=(130)
cfn=(944)
calls=4 +1 
* 260
* 4
+1 12
+22 8
fi=(161) /build/glibc-S7Ft5T/glibc-2.23/libio/../libio/libioP.h
866 8
fe=(160)
49 4
+3 4
-3 12
fi=(161)
867 32
fe=(160)
46 16

fl=(165)
fn=(1142)
28 12
+8 3
+3 6
+82 9

fl=(102) /build/glibc-S7Ft5T/glibc-2.23/libio/filedoalloc.c
fn=(466) _IO_file_doallocate
95 20
+15 24
cfi=(100)
cfn=(468) _IO_file_stat
calls=4 1229 
* 56
* 8
+2 16
+11 12
+4 8
cob=(2)
cfi=(16)
cfn=(472)
calls=4 0 
* 60038
* 4
+2 4
-1 8
+2 16
cfi=(101)
cfn=(504) _IO_setb
calls=4 380 
* 72
+1 4
+1 20
-15 2
-2 18
+5 4

fl=(110) /build/glibc-S7Ft5T/glibc-2.23/misc/sbrk.c
fn=(500) sbrk
34 2
+8 2
-8 6
+8 9
+4 4
+4 6
+12 5
-19 2
cfi=(111) /build/glibc-S7Ft5T/glibc-2.23/misc/../sysdeps/unix/sysv/linux/x86_64/brk.c
cfn=(502) brk
calls=1 -12 
* 12
* 4
+15 2
cfi=(111)
cfn=(502)
calls=1 -27 
* 12
* 2
+4 5

fl=(112) /build/glibc-S7Ft5T/glibc-2.23/io/../sysdeps/unix/syscall-template.S
fn=(512) write
84 14
cfn=(514) __write_nocancel
calls=7 * 
* 35

fn=(858) open
84 8
cfn=(860) __open_nocancel
calls=4 * 
* 20

fn=(1050) read
84 2

fn=(514)
84 35

fn=(860)
84 20

fl=(50)
fn=(190)
45 1
+1 1
+1 1
+1 1
+1 1
+1 1

fn=(186)
45 1
+1 1
+1 1
+1 1
+1 1
+1 1

fl=(111)
fn=(502)
31 16
+8 2
-6 4
+7 2

fl=(82) /build/glibc-S7Ft5T/glibc-2.23/setjmp/../sysdeps/x86_64/bsd-_setjmp.S
fn=(338) _setjmp
30 1
+2 1
cfi=(83) /build/glibc-S7Ft5T/glibc-2.23/setjmp/../sysdeps/x86_64/setjmp.S
cfn=(340) __sigsetjmp
calls=1 -6 
* 28

fl=(101)
fn=(504)
380 24
+1 36
+3 8
+2 32
-3 8
+3 16
+3 30
-7 2
cob=(2)
cfi=(16)
cfn=(890)
calls=2 0 
* 266
* 10

fn=(876) _IO_un_link
60 16
-1 16
+5 24
+1 40
+2 4
-2 4
+1 4
+1 4
-2 4
+2 4
-2 4
+2 52
+2 4
-2 12
+2 8
+2 8
+6 3
+1 3
+6 4
+2 4
-2 4
+2 32
+2 4
-1 4
+1 32
+1 8
+3 20
-6 28
-6 1
+1 1
-1 2
-7 3
+1 3
-1 6
+4 2

fn=(880) _IO_unsave_markers
1049 6
-2 6
+2 6
+19 18
+2 6

fn=(1046) _IO_switch_to_get_mode
176 6
-1 6
+1 3
+3 9
+5 3
-1 6
+1 3
+7 3
-4 3
+2 6
+2 3
+1 3
+1 6

fn=(1190) _IO_cleanup
948 2
+3 1
-3 2
-50 1
+50 1
+3 1
cfn=(1192) _IO_flush_all_lockp
calls=1 760 
* 90
-63 1
+63 1
-63 2
+10 3
+8 10
+2 4
+2 2
+1 2
-1 2
+2 4
+3 10
cfi=(100)
cfn=(1194) _IO_file_setbuf@@GLIBC_2.2.5
calls=2 450 
* 132
+2 6
+4 4
+7 3
-40 9
+2 6
+2 8
+6 17
+65 7
-42 6
+1 10
-24 2

fn=(1196) _IO_default_setbuf
522 8
+1 2
-1 4
+1 2
cfi=(100)
cfn=(1198) _IO_file_sync@@GLIBC_2.2.5
calls=2 868 
* 26
* 4
+9 2
-7 2
+7 2
-7 2
388 2
-5 2
+1 2
+4 2
535 2
+2 2
-2 4
+1 6
+2 8
381 2
527 2
+1 2
-1 2
+1 2
381 8

fn=(1040) _IO_default_uflow
413 1
-1 2
+1 1
cfi=(100)
cfn=(1042) _IO_file_underflow@@GLIBC_2.2.5
calls=1 539 
* 408

fn=(508)
425 8
-3 30
+8 152
+2 6
+3 4
+10 6
+5 6
-1 4
+1 24
-1 16
+2 6
+2 2
+2 251
cfi=(100)
cfn=(462) _IO_file_overflow@@GLIBC_2.2.5
calls=35 808 
* 1256
* 70
+2 35
-2 70
+4 3
+1 3
-1 3
+1 17

fn=(888) _IO_default_finish
639 16
+2 12
+6 12
+3 12
60 8
662 16

fn=(1038) __uflow
348 1
+2 4
+6 6
+3 2
+2 2
+6 2
+7 2
+1 1
-1 2
cfn=(1040)
calls=1 +39 
* 412
-2 3

fn=(848) _IO_old_init
586 4
-16 4
+1 4
+15 4
+5 4
-21 4
+2 4
+1 4
+1 4
+17 4
-16 4
+1 4
+1 4
+1 4
+1 4
+1 4
+2 4
+1 4
+1 4
+1 4
+6 4
+1 16

fn=(1192)
760 8
+6 3
+11 2
+16 2
-17 2
-1 2
+1 3
-1 1
+1 1
+3 9
+10 6
+4 3
-2 3
+2 6
+7 3
-27 6
+31 2
+2 2
+4 9
-38 1
-6 1
+5 1
+2 2
+6 12

fn=(846) _IO_no_init
599 36
+1 4
cfn=(848)
calls=4 -14 
* 100
+3 4
-2 4
+2 4
+2 4
+1 4
+1 4
+1 4
+1 4
+1 4
+1 4
+1 4
+1 4
+1 4
+1 4
+1 4
+2 4
+7 4
+1 24

fn=(852) _IO_link_in
98 24
-1 8
+3 8
-3 4
+5 4
-2 4
+2 20
+1 40
+2 4
-2 4
+1 4
+1 4
-2 4
+2 4
-2 4
+2 52
+2 4
-2 4
+4 4
+2 4
-3 4
-1 4
+4 28
+2 4
-1 4
+1 32
+1 8
+3 20
-6 28

fn=(464) _IO_doallocbuf
395 10
-1 15
+3 23
+1 12
cfi=(102)
cfn=(466)
calls=4 95 
* 60334
* 8
+3 20
-13 1
-5 1
+1 1
+4 2
+12 3

fl=(125)
fn=(874)
39 12
+14 4
-14 4
+14 8
+9 16
cfi=(100)
cfn=(886) _IO_file_finish@@GLIBC_2.2.5
calls=4 200 
* 108
+1 12
+18 24
+3 8
cob=(2)
cfi=(16)
cfn=(890)
calls=4 -84 
* 591
+4 20
-34 4
cfi=(101)
cfn=(876)
calls=4 +6 
* 360
+2 76
+1 8
+1 8
cfi=(100)
cfn=(878) _IO_file_close_it@@GLIBC_2.2.5
calls=4 160 
* 616
* 12
fi=(113)
866 8
+1 36
fe=(125)
78 8

fl=(153) /build/glibc-S7Ft5T/glibc-2.23/libio/getc.c
fn=(1036) getc
34 1
+3 1
-3 1
+3 14
+1 5
cfi=(101)
cfn=(1038)
calls=1 348 
* 437

fl=(83)
fn=(340)
26 1
+9 1
+1 2
+1 1
+4 1
+1 1
+1 1
+1 1
+1 1
+2 2
+2 1
+1 1
+1 1
+2 2
+2 1
+9 1
cfi=(84) /build/glibc-S7Ft5T/glibc-2.23/setjmp/sigjmp.c
cfn=(342) __sigjmp_save
calls=1 -36 
* 9

fl=(90)
fn=(388)
24 5
+3 10
cfi=(91) /build/glibc-S7Ft5T/glibc-2.23/termios/../sysdeps/unix/sysv/linux/tcgetattr.c
cfn=(390) tcgetattr
calls=5 +7 
* 243
* 10
+1 5
-1 5
+1 5

fl=(107)
fn=(482)
126 9
+5 1
-5 2
+5 2
cob=(1)
cfi=(2)
cfn=(50)
calls=1 704 
* 2
+2 2
cob=(1)
cfi=(78)
cfn=(313)
calls=1 -62 
* 1501
* 5
+2 2
30 1
+1 1
-1 1
+1 1
+3 2
+5 1
+6 1
-7 1
+2 2
+2 1
-2 1
+2 1
+3 1
+5 8
+2 1
+1 2
-1 1010
+1 2020
+2 3628
+9 2010
+7 24
-2 24
+2 2259
-2 2211
+2 5750
-10 11175
+2 8940
+1 14318
+7 1011
-21 2022
+49 3
+1 1
+1 3
+3 2
+37 2
cob=(1)
cfi=(2)
cfn=(52)
calls=1 710 
* 2
+3 9
-28 1
+1 1
+21 2

fl=(123)
fn=(864) __fopen_maybe_mmap
41 4
-2 4
+2 4
+15 4

fn=(844) __fopen_internal
61 24
+8 4
-8 8
+8 4
cob=(2)
cfi=(16)
cfn=(472)
calls=4 -69 
* 740
+2 12
+3 4
+3 16
-3 4
+3 8
cfi=(101)
cfn=(846)
calls=4 599 
* 232
+4 4
+1 4
-1 4
+1 4
cfi=(100)
cfn=(850) _IO_file_init@@GLIBC_2.2.5
calls=4 +62 
* 376
+4 20
cfi=(100)
cfn=(854) _IO_file_fopen@@GLIBC_2.2.5
calls=4 249 
* 542
* 4
+1 4
-1 4
+6 20
-5 4
cfn=(864)
calls=4 -46 
* 16

fn=(842)
97 8
cfn=(844)
calls=4 -36 
* 2062

fl=(91)
fn=(390)
34 10
+4 15
-4 5
+4 20
+2 3
-2 3
+2 3
+2 3
+3 6
+18 6
-21 3
+1 3
+2 3
+1 3
-3 3
+1 3
+2 3
+17 3
-19 3
+7 6
+7 3
+5 3
cfi=(92)
cfn=(392)
calls=3 -2 
* 93
* 9
+14 12
-39 8
+39 8

fl=(72)
fn=(266)
31 5
+2 1
+2 1
-4 1
+4 1
-4 1
+2 3
+2 3

fl=(156)
fn=(1072)
24 2
+1 2
+1 2
+1 2
+1 2
+1 2
+1 2
+1 2
+1 2
+1 2
+1 2
+1 2
+1 2
+1 2
+1 2
+1 2
+1 2
+1 2
+2 2
+7 2

fl=(84)
fn=(342)
28 1
+1 1
-1 2
+1 2
+5 3

fl=(158) /build/glibc-S7Ft5T/glibc-2.23/stdlib/exit.c
fn=(1080) exit
104 1
-1 1
+1 2
cfn=(1082) __run_exit_handlers
calls=1 -69 
* 11902

fn=(1082)
35 8
+5 1
cfi=(159) /build/glibc-S7Ft5T/glibc-2.23/stdlib/cxa_thread_atexit_impl.c
cfn=(1084) __call_tls_dtors
calls=1 145 
* 11
* 1
+6 11
+4 9
+3 2
-1 2
+2 10
+33 1
+1 1
-1 1
+1 1
+6 2
+1 5
cfi=(101)
cfn=(1190)
calls=1 948 
* 349
* 3
+2 2
cfi=(166)
cfn=(1200)
calls=1 -70 
* 5
-19 2
+4 2
-4 2
+2 2
+2 2
-2 4
+2 2
cob=(1)
cfi=(163)
cfn=(1118)
calls=1 +48 
* 1122
cob=(6)
cfi=(76)
cfn=(1086)
calls=1 -82 
* 10337
+1 2

fl=(81) /build/glibc-S7Ft5T/glibc-2.23/stdlib/cxa_atexit.c
fn=(320) __cxa_atexit
57 10
-22 2
+22 2
-22 2
cfn=(322) __new_exitfn
calls=2 +38 
* 82
+2 4
+4 2
+3 2
+1 2
-4 4
+2 2
+4 2
+1 2
+11 8

fn=(322)
73 4
+6 2
-6 2
+6 2
-6 2
+6 8
+2 12
+2 6
+1 5
-3 1
+10 2
-10 2
+2 2
+11 2
+25 1
+1 1
-1 1
+1 1
-1 1
+7 1
+1 1
+3 2
-4 1
+1 1
+3 6
+3 10
-21 1
+1 2

fl=(100)
fn=(946)
986 56
+8 16
+6 20
+12 4
cfi=(101)
cfn=(1046)
calls=2 176 
* 40
* 4
+3 4
+13 12
+23 8
cfn=(468)
calls=2 1229 
* 28
* 4
+66 4
cfi=(101)
cfn=(880)
calls=2 -68 
* 14
+1 12
cfn=(948) _IO_file_seek
calls=2 1223 
* 22
+1 4
+18 64
1000 24
+3 8
+12 4
+3 6
+5 4
cfi=(101)
cfn=(464)
calls=2 395 
* 536
+1 2
+4 2
-4 6
+1 6
+3 2
+23 8
+12 8
+17 4
+4 4
+1 2
-1 4
+2 2
+5 2
-7 2
+1 2
+1 2
+5 2
-5 2
+5 4
cfn=(948)
calls=2 1223 
* 14
+1 2
-1 2
+1 2
+2 4
932 8
+2 8
+2 8
+5 12
+10 8
+1 8
+13 8
+13 8
1092 4
+3 2
+14 2
+3 2
+1 2
-1 2
-3 10
+2 6
+3 2
968 20
cfn=(948)
calls=4 1223 
* 44
+2 8

fn=(854)
249 28
+11 8
+2 16
+9 2
-2 2
+1 2
+17 94
+41 24
cfn=(856) _IO_file_open
calls=4 214 
* 180
+3 4
-3 4
+3 4
+17 12
cfi=(124)
cfn=(862)
calls=4 53 
* 96
+1 4
-1 4
+1 4
-83 2
-1 2
-15 4
+49 4
425 4
-76 4
+76 28
293 2
-1 4

fn=(882) _IO_file_close
1250 20
+1 4

fn=(1048) _IO_file_read
1216 4
cfi=(112)
cfn=(1050)
calls=1 84 
* 2

fn=(1198)
868 2
+5 2
-5 2
+5 6
+2 2
+1 4
+17 4
+4 4

fn=(850)
144 8
+4 4
-4 8
+5 4
-1 4
+3 4
cfi=(101)
cfn=(852)
calls=4 -53 
* 324
+1 4
+1 16

fn=(878)
160 12
-2 8
+9 4
-9 4
+5 20
+6 4
+3 4
-3 4
cfi=(101)
cfn=(880)
calls=4 1049 
* 28
+3 8
+4 12
+9 20
cfi=(101)
cfn=(504)
calls=4 380 
* 360
+1 8
+3 4
-3 4
+1 12
+2 4
cfi=(101)
cfn=(876)
calls=4 60 
* 12
+5 8
-4 4
+1 4
+1 4
+2 4
+1 16
-23 12
cfn=(882)
calls=4 1250 
* 24
* 8

fn=(948)
1223 16
cfi=(131)
cfn=(950)
calls=8 84 
* 64

fn=(460)
1287 7
-1 14
-6 70
+13 28
+17 8
+4 5
+5 20
cfi=(92)
cfn=(392)
calls=5 61 
* 196
* 5
+6 5
-1 5
+1 10
+2 10
+27 14
+1 56
-24 10
cfn=(462)
calls=2 808 
* 59718
* 4
+6 14
+1 21
+2 21
+11 14
+1 4
cfi=(101)
cfn=(508)
calls=1 425 
* 1842
* 2
-57 15
+1 10
+3 15
+2 20
+37 24
503 2
+15 5
cfn=(510) _IO_file_write@@GLIBC_2.2.5
calls=1 1258 
* 44
* 1
+1 5
+6 1
-4 1
+4 1
-4 3
+1 2
+3 1
1343 1
+1 1
523 1
1344 1
-41 5
+11 25
510 4
+14 2
1331 20
cfn=(462)
calls=5 808 
* 580
* 10

fn=(886)
200 4
+1 4
-1 4
+1 4
+6 8
+1 4
-1 4
cfi=(101)
cfn=(888)
calls=4 639 
* 76

fn=(462)
808 129
+7 43
-8 215
+8 207
+35 86
+3 70
+3 105
+1 105
+1 140
+4 35
+1 140
-45 4
+12 4
+9 8
+8 2
-4 2
+3 4
-2 4
-3 2
+1 4
+5 2
-1 2
+1 6
+1 4
+12 1
-1 4
cfn=(506) _IO_do_write@@GLIBC_2.2.5
calls=1 494 
* 94
* 2
-8 16
+12 24
-12 8
cfn=(506)
calls=8 494 
* 482
-31 4
cfi=(101)
cfn=(464)
calls=2 395 
* 59610
+1 12

fn=(1042)
539 3
+6 3
-14 4
+17 2
+13 2
+10 18
+2 1
-2 1
+2 2
fi=(113)
866 2
+1 9
fe=(100)
581 2
cfi=(101)
cfn=(1046)
calls=1 176 
* 20
+6 1
+5 4
-5 2
+1 1
+2 1
-1 2
+3 1
cfn=(1048)
calls=1 1216 
* 6
-17 3
cfn=(462)
calls=1 808 
* 26
* 1
-24 3
+5 2
cfi=(101)
cfn=(464)
calls=1 395 
* 284
* 2

fn=(468)
1229 6
+1 18
cfi=(103)
cfn=(470)
calls=6 34 
* 60

fn=(1194)
450 4
+1 2
cfi=(101)
cfn=(1196)
calls=2 +71 
* 102
* 4
+4 4
-1 4
+2 6
+2 2
+1 4

fn=(510)
1258 7
-2 42
+2 28
+4 14
+1 14
+10 21
+3 42
-13 28
cfi=(112)
cfn=(512)
calls=7 84 
* 49
+1 14
+5 7
+1 7
-12 35

fn=(856)
214 24
+3 8
+8 8
+3 8
+3 4
-3 4
-1 4
+1 8
+3 4
-3 4
+3 4
+10 8
cfi=(101)
cfn=(852)
calls=4 98 
* 16
+1 4
+1 16
-22 16
cfi=(112)
cfn=(858)
calls=4 84 
* 28
* 12

fn=(506)
494 27
+1 3
-3 48
+11 12
+7 24
+8 30
cfn=(510)
calls=6 1258 
* 264
* 6
+1 30
+6 6
-4 6
+4 6
-4 18
+1 12
+3 6
-2 6
-29 24
+1 36
+29 12

fl=(159)
fn=(1084)
145 3
+1 4
+18 4

fl=(99)
fn=(458)
66 12
+1 12
+1 12
+1 12
+1 12
+1 12
+1 12
+2 12
+2 12
+30 12
+1 12
+1 12
+1 12
+1 12
+1 4
+1 4
+4 8
+1 8
+1 8
+1 8
+1 8
+1 8
+1 8
+1 8
+1 8
+1 8
+1 8
+1 8
+5 60
+71 2
+1 2
+1 2
+1 2
+1 2
+1 2
+1 2
+1 2
+16 2
+2 2
+1 28
+2 2
+1 2
+1 2
+1 2

fl=(109) /build/glibc-S7Ft5T/glibc-2.23/malloc/morecore.c
fn=(498) __default_morecore
46 2
+1 2
cfi=(110)
cfn=(500)
calls=2 -13 
* 73
+1 6
+4 4

fl=(51)
fn=(192)
30 1
+1 1
+1 1
+1 1
+1 1
+1 1

fl=(88)
fn=(364)
47 6
+4 6
-4 6
+4 6
+3 12
-1 6
+1 12
-1 6
+1 168
+1 6
-1 6
+1 6
+7 6
-7 12
+2 12
+5 66
+3 24
+3 6
-1 6
+1 12
-1 6
+1 168
+1 6
-1 6
+1 6
+1 12
+3 12

fl=(46)
fn=(178)
109 1
+1 1
+1 1
+1 1
+10 1

fn=(188)
129 1
+1 1
+1 1
+1 1
+10 1

fl=(80) /build/glibc-S7Ft5T/glibc-2.23/csu/../csu/libc-start.c
fn=(318) (below main)
134 7
+4 1
-4 3
+4 3
+82 1
-82 1
+82 1
+1 4
cfi=(81)
cfn=(320)
calls=1 57 
* 60
+22 4
+3 2
+1 5
cob=(7)
cfi=(77)
cfn=(324)
calls=1 0 
* 56
+4 4
+15 2
+12 2
cfi=(82)
cfn=(338)
calls=1 30 
* 30
+1 2
+5 2
+1 2
+3 2
+3 6
cob=(1)
cfi=(78)
cfn=(313)
calls=1 71 
* 407395
* 5
138 2

fl=(104)
fn=(894) _int_free
3848 72
+13 8
-13 8
+13 16
+6 32
+1 16
+11 32
+13 16
+11 8
+1 6
1893 2
3928 2
1893 4
3930 6
+1 4
+4 2
-4 2
+1 2
+9 14
+9 8
+2 2
+2 12
4112 64
3967 12
+1 18
+15 12
+8 18
+6 12
+1 12
+1 12
1893 18
4008 12
+7 12
+5 8
+1 30
+1 2
+11 2
-1 2
+2 4
-1 2
-1 2
+2 4
+7 4
-2 4
+1 4
+1 4
+2 4
+1 4
+2 4
+1 4
+2 12
+1 4
+30 12
+1 4
+3 6
3969 30
+8 6
-4 6
+4 18
-7 12
4100 18
+1 18
+1 30
3956 8
+68 4
-3 6
+40 2
+1 6
+1 4
-80 30
4086 10
+2 4
cfn=(896) systrim.isra.2
calls=1 2766 
* 28
* 1

fn=(896)
2766 7
+11 3
+2 1
+1 2
-4 1
+8 3
+2 2
-5 1
+49 8

fn=(494) malloc_consolidate
4151 2
5010 4
1815 3
-3 2
+3 378
-3 252
+7 3
+5 1
+2 1
-2 2
-1 3

fn=(892)
2941 40
+5 16
+1 16
+6 16
+5 8
-2 8
+2 16
+16 24
+1 16
cfn=(894)
calls=8 3848 
* 843
+1 48

fn=(492) _int_malloc
3326 50
+30 10
-30 20
+30 84
+4 40
+14 20
+2 6
+2 2
-1 2
-1 2
+1 2
+5 4
+29 20
+2 18
+1 18
+2 6
-2 6
+2 12
3741 2
3356 4
+99 28
+1 8
+1 2
cfn=(494)
calls=1 4151 
* 651
3826 140
-2 10
+2 10
-2 10
+2 20
5016 10
3824 10
+2 10
5018 10
3826 10
5018 10
3826 30
5018 20
3826 40
5016 20
3476 50
3840 90
3610 20
+73 20
+1 20
+1 20
+1 20
+1 20
+5 20
+4 30
+3 32
-3 24
+3 24
-3 12
+3 6
3799 10
+3 10
-2 20
+2 20
+17 2
3612 12
+3 4
-3 4
+3 12
3455 6
1886 4
3834 3
cfn=(496) sysmalloc
calls=1 2275 
* 249
+1 2
-28 9
-3 9
+1 9
+2 9
-1 9
+1 18
+2 9
-2 36
+2 9
+3 9
1886 27

fn=(496)
2275 8
+20 1
+11 1
-11 1
+11 1
+1 5
fi=(106)
488 3
fe=(104)
2322 5
+65 1
+1 3
+10 1
-9 1
+9 5
+6 4
+3 3
2730 2
+1 1
+8 4
+5 1
-3 1
+3 1
-2 1
+2 3
+1 1
-1 1
-1 1
+4 1
-3 2
+1 1
+8 9
2470 1
-8 4
+8 1
+21 5
cfi=(109)
cfn=(498)
calls=1 46 
* 62
* 1
+1 1
+3 4
+3 2
+1 2
+20 2
+26 2
+2 2
+6 1
-6 1
+6 1
2328 1
2471 1
+10 5
+8 1
-8 1
+8 1
+67 7
+37 2
+6 3
+19 1
+3 2
+1 5
+2 1
-2 1
+2 1
+1 3
cfi=(109)
cfn=(498)
calls=1 46 
* 25
+12 2
+8 1
+1 1
-1 2
+1 2
+39 1
+1 1
-2 1
+1 3
+12 1
-12 1
+1 1
+11 1
2546 5

fn=(474)
2909 30
+5 20
+1 20
+3 72
+2 27
cfn=(492)
calls=9 3326 
* 1261
+3 9
-3 9
+3 9
+8 36
+2 99
+3 36
-18 54
-2 1
+20 3
-20 1
cfi=(105) /build/glibc-S7Ft5T/glibc-2.23/malloc/hooks.c
cfn=(476) malloc_hook_ini
calls=1 29 
* 59475

fl=(75)
fn=(276)
33 3
+1 1

fl=(127)
fn=(918)
32 1
+2 1
+1 1
+6 1
+1 1
+1 1
+1 1

fl=(162)
fn=(1110)
32 2
+3 2
-3 4
+3 28
+1 8
cfi=(130)
cfn=(944)
calls=2 +4 
* 260
* 8
fi=(113)
866 4
+1 16
fe=(162)
39 6

fl=(47)
fn=(180)
38 1
-1 1
+1 6
fi=(48)
+10 3
+14 4
-17 3
+3 9
+14 12
-17 9
fe=(47)
-7 3
+3 2
-3 1
+3 1
cfi=(49)
cfn=(184)
calls=1 -14 
* 6
+1 3
+1 2

fl=(105)
fn=(476)
29 4
fi=(106)
260 1
fe=(105)
30 1
fi=(106)
260 1
fe=(105)
30 1
fi=(106)
260 1
fi=(104)
2918 7
+2 3
cfn=(492)
calls=1 3326 
* 1035
+3 1
-3 1
+3 1
+8 4
+2 11
fe=(105)
33 4
fi=(104)
2918 6
+12 1
cfi=(106)
cfn=(480)
calls=1 258 
* 58389
* 1
-15 2
fe=(105)

totals: 609239
